# Angle of attack [rad] 	 Lift coefficient [-] 	 Drag coefficient [-] 	 Moment coefficient [-]
-3.141592653589793116e+00 0.000000000000000000e+00 4.853659704950909898e-02 0.000000000000000000e+00
-3.089232776029963379e+00 1.050097648273019962e-01 4.945628694061179886e-02 1.157849205123900049e-01
-3.036872898470133197e+00 2.103688719368060067e-01 5.190895791290280059e-02 2.317706404692720101e-01
-2.984513020910303460e+00 3.157281804820529780e-01 5.586785192023609875e-02 3.477565570045830223e-01
-2.932153143350473723e+00 4.210163327788590260e-01 6.342993916006560429e-02 3.888748987674779944e-01
-2.879793265790643542e+00 5.262602801140620068e-01 8.219389616641760432e-02 3.924773411192590267e-01
-2.827433388230813804e+00 6.315120845431889673e-01 1.143398784188700001e-01 3.959937425235989794e-01
-2.775073510670984067e+00 7.283989794577580001e-01 1.526744705732530072e-01 4.039931389068229795e-01
-2.722713633111153886e+00 8.077050130712990494e-01 2.014404578063679896e-01 4.209910714587610236e-01
-2.670353755551324149e+00 8.845613920438729627e-01 2.537354358276759925e-01 4.378666488054310246e-01
-2.617993877991494411e+00 9.549972372870669801e-01 3.093839999410429864e-01 4.521627033322109801e-01
-2.565634000431664230e+00 9.747654933181649772e-01 3.708779126453169983e-01 4.388981872159309905e-01
-2.513274122871834493e+00 9.133247014370019512e-01 4.350733018350200210e-01 4.225688813766549923e-01
-2.460914245312004756e+00 8.583974464496809675e-01 5.009750890721860195e-01 4.060168942575499984e-01
-2.408554367752174574e+00 8.068719792844729621e-01 5.681849610807959694e-01 3.947523731916670053e-01
-2.356194490192344837e+00 7.576633793395769478e-01 6.362039948025479674e-01 3.868954691372409882e-01
-2.303834612632515100e+00 7.096076845897669738e-01 7.043442540100339766e-01 3.790527655110290106e-01
-2.251474735072684918e+00 6.616433524929360432e-01 7.714856757510579754e-01 3.749716616416279846e-01
-2.199114857512855181e+00 6.134190240043519982e-01 8.371620243104359593e-01 3.734978083245399927e-01
-2.146754979953025444e+00 5.647705744131890082e-01 9.014148046160810335e-01 3.732666749936470185e-01
-2.094395102393195263e+00 5.151396069372590203e-01 9.624576221916180119e-01 3.734056408710880182e-01
-2.042035224833365525e+00 4.643801746861290214e-01 1.019033356497099918e+00 3.747231014627119827e-01
-1.989675347273535788e+00 4.129807350910369990e-01 1.072575880279829974e+00 3.764438164916670271e-01
-1.937315469713705829e+00 3.609045705730539733e-01 1.122224629017140041e+00 3.781620001843999934e-01
-1.884955592153875870e+00 3.081661916014110103e-01 1.164622596092480089e+00 3.787740892675989790e-01
-1.832595714594046132e+00 2.552575607243550149e-01 1.201955628147969968e+00 3.790799579333570257e-01
-1.780235837034216173e+00 2.023737529148610104e-01 1.234812828338740065e+00 3.791229238379760225e-01
-1.727875959474386214e+00 1.500543557789200122e-01 1.260141738308999892e+00 3.779428623312269808e-01
-1.675516081914556477e+00 9.891172167443769425e-02 1.277452527188750020e+00 3.750404452904719799e-01
-1.623156204354726517e+00 4.882759309090820010e-02 1.289606923581529951e+00 3.717556165797050172e-01
-1.570796326794896558e+00 -7.159926536407020042e-07 1.296503197747479907e+00 3.684707678295879862e-01
-1.518436449235066599e+00 -4.882824210783640040e-02 1.289606751432099907e+00 3.599416785570910271e-01
-1.466076571675236861e+00 -9.891208138476280387e-02 1.277452473007770095e+00 3.514141015007850033e-01
-1.413716694115406902e+00 -1.500543985638579936e-01 1.260141804491200057e+00 3.425879483223550070e-01
-1.361356816555576943e+00 -2.023736606780530134e-01 1.234813075861040055e+00 3.324016736219310153e-01
-1.308996938995747206e+00 -2.552574691487780045e-01 1.201955880598980064e+00 3.212520648809850110e-01
-1.256637061435917246e+00 -3.081661012294000246e-01 1.164622849109250069e+00 3.099040777891349796e-01
-1.204277183876087287e+00 -3.609031490817620202e-01 1.122224858764159894e+00 2.983509657878830046e-01
-1.151917306316257550e+00 -4.129752656126419730e-01 1.072575688882130063e+00 2.860317745083720276e-01
-1.099557428756427591e+00 -4.643706663614020069e-01 1.019032732293480015e+00 2.737125837801340222e-01
-1.047197551196597631e+00 -5.151260885447660476e-01 9.624565016715519450e-01 2.614680363959629994e-01
-9.948376736367678941e-01 -5.647610346313040042e-01 9.014140379188619878e-01 2.491275094557789949e-01
-9.424777960769379348e-01 -6.134135523215189512e-01 8.371617824541659481e-01 2.368010271016119939e-01
-8.901179185171080865e-01 -6.616419420073980096e-01 7.714859759546780493e-01 2.245412232309789979e-01
-8.377580409572782383e-01 -7.096076193730529447e-01 7.043447723119840020e-01 2.127165276024660101e-01
-7.853981633974482790e-01 -7.576633089895910000e-01 6.362045308127169951e-01 2.012492041113879970e-01
-7.330382858376184307e-01 -8.443719131752349671e-01 5.681855227091280325e-01 1.897789972855890017e-01
-6.806784082777884715e-01 -9.333972920034779852e-01 5.009756485304760476e-01 1.641353257540759947e-01
-6.283185307179586232e-01 -1.025824516200740000e+00 4.350739188002620272e-01 1.171731462988099964e-01
-5.759586531581287749e-01 -1.124765315983349945e+00 3.708787090712220014e-01 6.863328741149779533e-02
-5.235987755982988157e-01 -1.226088563763880090e+00 2.822320474015880265e-01 4.551801273686550270e-02
-5.130210225559090897e-01 -1.241307784938679992e+00 2.614612681068390065e-01 4.201278900517110143e-02
-5.024432695135193638e-01 -1.257969737766230001e+00 2.414535695703819984e-01 3.850756527347660302e-02
-4.918655164711295824e-01 -1.275260556328160044e+00 2.215110958636040128e-01 3.500234154178209767e-02
-4.812877634287397455e-01 -1.280894035395899966e+00 2.099253865695419885e-01 3.179734559550639883e-02
-4.707100103863500196e-01 -1.281950986314140062e+00 2.019254795288830118e-01 2.872101867454579863e-02
-4.601322573439602381e-01 -1.283573444630609961e+00 1.948674703292460064e-01 2.564469175358519842e-02
-4.495545043015704567e-01 -1.285713084807950102e+00 1.877710100301339946e-01 2.256836483262469883e-02
-4.389767512591789544e-01 -1.288325721587409989e+00 1.806066342392990132e-01 1.949203791166409863e-02
-4.283989982167891730e-01 -1.285688938198930042e+00 1.733798177347440073e-01 1.641571099070349843e-02
-4.178212451743993916e-01 -1.281446593113789945e+00 1.660953290105930125e-01 1.338594844297080061e-02
-4.072434921320096657e-01 -1.276599060701619992e+00 1.587923590662169981e-01 1.077526546499090083e-02
-3.966657390896198843e-01 -1.272102583403569964e+00 1.515022902205810096e-01 8.164582487011080858e-03
-3.860879860472301028e-01 -1.267976717191299896e+00 1.442245363312449902e-01 5.553899509031240064e-03
-3.755102330048403769e-01 -1.261685136178950062e+00 1.369585387834570123e-01 2.800735796477669785e-03
-3.649324799624505400e-01 -1.253997806133080095e+00 1.297037635246340026e-01 -2.523245550706369744e-04
-3.543547269200608141e-01 -1.246310476087209906e+00 1.224596980796229945e-01 -3.231449142420720136e-03
-3.437769738776710327e-01 -1.236369809049080004e+00 1.163114089543680063e-01 -6.361136761950570220e-03
-3.331992208352812512e-01 -1.219196985607319927e+00 1.117875675861050022e-01 -7.693774392202089828e-03
-3.226214677928914698e-01 -1.194295634424340058e+00 1.068288982373860052e-01 -9.056982649869859195e-03
-3.120437147505017439e-01 -1.166025929023009944e+00 1.022190403675889980e-01 -1.032474246795580045e-02
-3.014659617081119070e-01 -1.138256541081859918e+00 9.738068277004789663e-02 -1.141518566628020072e-02
-2.908882086657221810e-01 -1.110568046595030056e+00 9.255349067209840686e-02 -1.246889662544140021e-02
-2.803104556233323996e-01 -1.080772039002179996e+00 8.795301639919139713e-02 -1.348489683879390034e-02
-2.697327025809426182e-01 -1.054421698853829970e+00 8.342671484782339386e-02 -1.411093018049590017e-02
-2.591549495385511159e-01 -1.027667249027510055e+00 7.900134691425719780e-02 -1.469319337174320068e-02
-2.485771964961613345e-01 -9.996796331498549737e-01 7.469507664422760096e-02 -1.521803372115849984e-02
-2.379994434537715531e-01 -9.729016902608440542e-01 7.052996667315579449e-02 -1.556702320150290045e-02
-2.274216904113817994e-01 -9.475596551323900441e-01 6.642105843467080439e-02 -1.559830098609200043e-02
-2.168439373689920457e-01 -9.199747571355749720e-01 6.250025421493360378e-02 -1.575837676512800017e-02
-2.062661843266022643e-01 -8.932767635355509661e-01 5.858077001668719752e-02 -1.572623339465640049e-02
-1.956884312842125107e-01 -8.636784090141620407e-01 5.500790347076779663e-02 -1.531906319909099971e-02
-1.851106782418227292e-01 -8.378030766368329552e-01 5.130545584494530104e-02 -1.423325733747399929e-02
-1.745329251994329478e-01 -8.127694211393690082e-01 4.768167326457389832e-02 -1.245883601548040086e-02
-1.639551721570429998e-01 -7.579726538244020428e-01 4.477864284325439731e-02 -1.711046709119249873e-02
-1.533774191146532462e-01 -6.995902700968329446e-01 4.187538940476220189e-02 -2.221889970193319935e-02
-1.427996660722632982e-01 -6.387669885785309809e-01 3.899643772696290145e-02 -2.758843628617739865e-02
-1.322219130298735168e-01 -5.671054608486100213e-01 3.693992289813549657e-02 -3.402689171036560323e-02
-1.216441599874835688e-01 -4.895366753653550007e-01 3.520636509192540120e-02 -4.101459972874269694e-02
-1.110664069450936348e-01 -4.112270126869569942e-01 3.347368238582189987e-02 -4.806850794052289905e-02
-1.004886539027038533e-01 -3.326437908165860158e-01 3.200985599868030190e-02 -5.463322565187660185e-02
-8.991090086031391926e-02 -2.520974206288599806e-01 3.086321936222699916e-02 -6.091547368013099789e-02
-7.933314781792397130e-02 -1.719069483829940015e-01 2.973084225499509833e-02 -6.702990687922399937e-02
-6.875539477553420376e-02 -9.146301262631680029e-02 2.867271944793400168e-02 -7.295934612696379495e-02
-5.817764173314425580e-02 -6.206060337394689666e-03 2.816993004558270008e-02 -7.874295456527620474e-02
-4.759988869075449519e-02 7.641656742121299972e-02 2.769885670480989881e-02 -8.418778523667590219e-02
-3.702213564836454723e-02 1.584096630126519967e-01 2.722671072183429838e-02 -8.962065587176229475e-02
-2.644438260597477622e-02 2.398436187458010127e-01 2.696195391240920058e-02 -9.542025910180479409e-02
-1.586662956358486296e-02 3.245484530007139989e-01 2.680774514659770014e-02 -1.009534807702440057e-01
-5.288876521194919335e-03 4.109791261057019751e-01 2.672945408450209948e-02 -1.058742816049220020e-01
5.288876521194919335e-03 4.971708340123000003e-01 2.670901009081290065e-02 -1.105813587785449970e-01
1.586662956358486296e-02 5.831193348536249932e-01 2.672534966271560009e-02 -1.150649976923709961e-01
2.644438260597477622e-02 6.680168003811629562e-01 2.682287718890589978e-02 -1.191472525177439956e-01
3.702213564836454723e-02 7.522864574926180214e-01 2.694534504468440103e-02 -1.230721742014749959e-01
4.759988869075449519e-02 8.355419234904319925e-01 2.713028585039529983e-02 -1.266105301195749877e-01
5.817764173314425580e-02 9.179879405014990112e-01 2.736543457361170079e-02 -1.299643531900100124e-01
6.875539477553420376e-02 9.998106200701749602e-01 2.760522616076210162e-02 -1.331164249392119969e-01
7.933314781792415171e-02 1.080223026728609925e+00 2.793775853974420076e-02 -1.359495866206310022e-01
8.991090086031391926e-02 1.160049251791190006e+00 2.830169693680190113e-02 -1.386098614427400122e-01
1.004886539027038533e-01 1.238548097365540057e+00 2.870925615061250061e-02 -1.409792743242380131e-01
1.110664069450938152e-01 1.315722082190990072e+00 2.921383852216419968e-02 -1.430872340365559880e-01
1.216441599874835688e-01 1.392045024543590026e+00 2.973890409242519947e-02 -1.450126305580849984e-01
1.322219130298733503e-01 1.465681075561660052e+00 3.042413846415609885e-02 -1.464754377937969865e-01
1.427996660722632982e-01 1.537823544637759943e+00 3.120877286085919911e-02 -1.476770379059290095e-01
1.533774191146532462e-01 1.607563420026570045e+00 3.214308568045749770e-02 -1.485293019208649978e-01
1.639551721570429998e-01 1.673601365766169913e+00 3.336111395123959877e-02 -1.489777688720929916e-01
1.745329251994329478e-01 1.737077426332299890e+00 3.471988967453670111e-02 -1.491385134210470031e-01
1.851106782418227292e-01 1.792942027455560083e+00 3.693323286392100058e-02 -1.487310280206020074e-01
1.956884312842125107e-01 1.842725181070179907e+00 3.975095778465879970e-02 -1.477370627290479910e-01
2.062661843266022643e-01 1.870795708410279978e+00 4.367397219553510040e-02 -1.463505729321500082e-01
2.168439373689920457e-01 1.892786067655350069e+00 4.870918517222359856e-02 -1.449919860356589929e-01
2.274216904113817994e-01 1.915327113962050021e+00 5.406787094008729672e-02 -1.437313022959459952e-01
2.379994434537715531e-01 1.928756108821660042e+00 6.024960931604580322e-02 -1.413189335864289964e-01
2.485771964961613345e-01 1.946032128386200100e+00 6.614042722801269369e-02 -1.392865481687209916e-01
2.591549495385511159e-01 1.968758146184069968e+00 7.153455539150929687e-02 -1.379665330448580085e-01
2.697327025809426182e-01 1.985219187053159917e+00 7.760866956587310350e-02 -1.364485621153949946e-01
2.803104556233323996e-01 1.996129385414060042e+00 8.431171724726789496e-02 -1.348704844309260020e-01
2.908882086657221810e-01 1.992198016539930006e+00 9.317140694926470679e-02 -1.336535646052139925e-01
3.014659617081119070e-01 1.990710043575419919e+00 1.017551922055239949e-01 -1.325158912824890012e-01
3.120437147505017439e-01 1.983356731109839899e+00 1.107774658402019968e-01 -1.313814209676930078e-01
3.226214677928914698e-01 1.953302021036990022e+00 1.206310363008180064e-01 -1.317965576850110010e-01
3.331992208352812512e-01 1.916342889132379934e+00 1.304609289343220124e-01 -1.326789085692519909e-01
3.437769738776710327e-01 1.878846297583760094e+00 1.403308264422349905e-01 -1.336381875540630093e-01
3.543547269200608141e-01 1.849977237128130003e+00 1.500705534228470028e-01 -1.353143563639009894e-01
3.649324799624505400e-01 1.830149999889479906e+00 1.596034220271320136e-01 -1.375861330187319875e-01
3.755102330048403769e-01 1.811246402761089946e+00 1.689300762112520005e-01 -1.399429414957200080e-01
3.860879860472301028e-01 1.793700576436570104e+00 1.779051643454619969e-01 -1.423967036114789919e-01
3.966657390896198843e-01 1.777073238922709963e+00 1.870568499011329988e-01 -1.449333142685270137e-01
4.072434921320096657e-01 1.760699228658120008e+00 1.968222100791900131e-01 -1.474987689201320007e-01
4.178212451743993916e-01 1.744359027919359928e+00 2.065752430256740102e-01 -1.501484156959840000e-01
4.283989982167891730e-01 1.738072699745909944e+00 2.167957590231930076e-01 -1.537575574169280090e-01
4.389767512591789544e-01 1.729411172027069954e+00 2.274684704558999904e-01 -1.576655962883189988e-01
4.495545043015704567e-01 1.714537368666610107e+00 2.382902835005910047e-01 -1.616424452832440073e-01
4.601322573439602381e-01 1.699613352234939923e+00 2.491426018526710084e-01 -1.656039988057559920e-01
4.707100103863500196e-01 1.684722431308989909e+00 2.599743865174590218e-01 -1.695500175756080030e-01
4.812877634287397455e-01 1.669853035143830100e+00 2.707979375565680025e-01 -1.734738027379419956e-01
4.918655164711295824e-01 1.652729285868759890e+00 2.816303395134119869e-01 -1.773330880355379890e-01
5.024432695135193638e-01 1.639532448048969915e+00 2.924829183265820198e-01 -1.810812116928789961e-01
5.130210225559090897e-01 1.632264257006470043e+00 3.033660287070820138e-01 -1.848239469136999935e-01
5.235987755982988157e-01 1.620644423094030007e+00 3.144695434887250229e-01 -1.881990723537599886e-01
5.759586531581287749e-01 1.541100127094159999e+00 3.727147405994519769e-01 -2.042940427747390042e-01
6.283185307179586232e-01 1.416090737378699949e+00 4.362338127502179974e-01 -2.204598484791470137e-01
6.806784082777884715e-01 1.300354471947110069e+00 5.018241360618289626e-01 -2.363194363498540007e-01
7.330382858376184307e-01 1.189619545728870076e+00 5.688182672147740204e-01 -2.491168525714740067e-01
7.853981633974482790e-01 1.082038490505830008e+00 6.365839437133159473e-01 -2.598651288620260069e-01
8.377580409572782383e-01 1.013597647690110071e+00 7.044948340549469501e-01 -2.706030527039490208e-01
8.901179185171080865e-01 9.452049705119339729e-01 7.714859759546790485e-01 -2.808543391393319988e-01
9.424777960769379348e-01 8.763148930548729787e-01 8.371617824541659481e-01 -2.908148985819660193e-01
9.948376736367678941e-01 8.068189289547139653e-01 9.014140379188619878e-01 -3.005912820102180083e-01
1.047197551196597631e+00 7.359193929753320429e-01 9.624565016715530552e-01 -3.103752450746180003e-01
1.099557428756427591e+00 6.634053911039810014e-01 1.019032732293480015e+00 -3.202140557607969784e-01
1.151917306316257550e+00 5.899770461915879727e-01 1.072575688882130063e+00 -3.295602934044439825e-01
1.204277183876087287e+00 5.155819304831229521e-01 1.122224858764159894e+00 -3.389525411437059876e-01
1.256637061435917246e+00 4.402415940353769930e-01 1.164622849109250069e+00 -3.482192532001079921e-01
1.308996938995747206e+00 3.646584655572189804e-01 1.201955880598980064e+00 -3.574770988657590132e-01
1.361356816555576943e+00 2.891107985523340140e-01 1.234813075861040055e+00 -3.666783777811850054e-01
1.413716694115406902e+00 2.143687644124049885e-01 1.260141804491200057e+00 -3.754859595472189726e-01
1.466076571675236861e+00 1.413063885539609932e-01 1.277452473007770095e+00 -3.837460954894340026e-01
1.518436449235066599e+00 6.975623229113719903e-02 1.289606751432099907e+00 -3.918804658495689819e-01
1.570796326794896558e+00 5.749813390271750050e-07 1.296503197747479907e+00 -4.000288716788319987e-01
1.623156204354726517e+00 -4.882771616260000308e-02 1.289606923581529951e+00 -4.039501855475560177e-01
1.675516081914556477e+00 -9.891191164963819560e-02 1.277452527188750020e+00 -4.078714750514290110e-01
1.727875959474386214e+00 -1.500546137681839920e-01 1.260141738308999892e+00 -4.113893276752220163e-01
1.780235837034216173e+00 -2.023740273534289924e-01 1.234812828338740065e+00 -4.132030787870040189e-01
1.832595714594046132e+00 -2.552578365876410071e-01 1.201955628147969968e+00 -4.137838099142450154e-01
1.884955592153875870e+00 -3.081664689263050039e-01 1.164622596092480089e+00 -4.140839892455889792e-01
1.937315469713705829e+00 -3.609033725873109777e-01 1.122224629017140041e+00 -4.140735329917910046e-01
1.989675347273535788e+00 -4.129750831185630133e-01 1.072575880279829974e+00 -4.128979734472110197e-01
2.042035224833365525e+00 -4.643700770588429783e-01 1.019033356497099918e+00 -4.117224811367720116e-01
2.094395102393195263e+00 -5.151251145245729912e-01 9.624576221916180119e-01 -4.109405877721000189e-01
2.146754979953025444e+00 -5.647604775927339560e-01 9.014148046160810335e-01 -4.112531610608829991e-01
2.199114857512855181e+00 -6.134133796571450414e-01 8.371620243104359593e-01 -4.119315501127979728e-01
2.251474735072684918e+00 -6.616421530989620159e-01 7.714856757510569762e-01 -4.138892850602660101e-01
2.303834612632515100e+00 -7.096079572367239852e-01 7.043442540100339766e-01 -4.184071118106970077e-01
2.356194490192344837e+00 -7.576636466634050215e-01 6.362039948025479674e-01 -4.267495600385339816e-01
2.408554367752174574e+00 -8.068722511460120206e-01 5.681849610807949702e-01 -4.351436028389329969e-01
2.460914245312004756e+00 -8.583977102439109830e-01 5.009750890721850203e-01 -4.469449584484699867e-01
2.513274122871834493e+00 -9.133249281218049909e-01 4.350733018350200210e-01 -4.638536912568619885e-01
2.565634000431664230e+00 -9.747657288925190011e-01 3.708779126453169983e-01 -4.805790173755919992e-01
2.617993877991494411e+00 -9.549972372870669801e-01 3.093839999410419872e-01 -4.939145269067850008e-01
2.670353755551324149e+00 -8.845606715824230193e-01 2.537349819690830066e-01 -4.817812327477200007e-01
2.722713633111153886e+00 -8.077031313706880544e-01 2.014394210698310095e-01 -4.667308650775470191e-01
2.775073510670984067e+00 -7.284030643558739859e-01 1.526764947562430086e-01 -4.515720418809029968e-01
2.827433388230813804e+00 -6.315033816819020096e-01 1.143383376935419998e-01 -4.524178977066419804e-01
2.879793265790643542e+00 -5.262486975658420274e-01 8.219389616641770147e-02 -4.611898440747290162e-01
2.932153143350473723e+00 -4.209940133987120081e-01 6.342953557708309875e-02 -4.751440526432090250e-01
2.984513020910303460e+00 -3.157069271349720041e-01 5.586782827683180186e-02 -4.346891457479329923e-01
3.036872898470133197e+00 -2.103549943410640000e-01 5.190895791290280059e-02 -2.897088217787420206e-01
3.089232776029963379e+00 -1.050028529323390053e-01 4.945628694061179886e-02 -1.447280348252689974e-01
3.141592653589793116e+00 0.000000000000000000e+00 4.853659704950909898e-02 0.000000000000000000e+00
