# Angle of attack [rad] 	 Lift coefficient [-] 	 Drag coefficient [-] 	 Moment coefficient [-]
-3.141592653589793116e+00 2.885986215868990062e-18 1.914002982039200024e-02 0.000000000000000000e+00
-3.089232776029963379e+00 7.242546917696220110e-02 2.050404449623750153e-02 1.200000003610469934e-01
-3.036872898470133197e+00 1.448509372678080109e-01 2.414256211111820080e-02 2.399999989225340136e-01
-2.984513020910303460e+00 2.172768044220000083e-01 3.002077029409890019e-02 3.600006586823850108e-01
-2.932153143350473723e+00 2.897055547474889914e-01 5.113826892294150162e-02 3.902261608149860117e-01
-2.879793265790643542e+00 3.621273443932440106e-01 8.685187247950490463e-02 3.755672637402500125e-01
-2.827433388230813804e+00 4.345567678792049970e-01 1.298789957922099891e-01 3.609068214996399848e-01
-2.775073510670984067e+00 5.069742908581700291e-01 1.801664953456539875e-01 3.586613471705429879e-01
-2.722713633111153886e+00 5.794056425402349664e-01 2.366822808256799915e-01 3.812479655452469807e-01
-2.670353755551324149e+00 6.518299951947059689e-01 2.983934372927630196e-01 4.038332832078099788e-01
-2.617993877991494411e+00 7.242546896023039915e-01 3.650416243375079750e-01 4.246885779173940056e-01
-2.565634000431664230e+00 7.661044256455680213e-01 4.363405735758240089e-01 4.282438758601330164e-01
-2.513274122871834493e+00 7.468180198818219484e-01 5.100951808256479758e-01 4.300987062064030031e-01
-2.460914245312004756e+00 7.272147006085699639e-01 5.871623695212599969e-01 4.321273482693139822e-01
-2.408554367752174574e+00 7.062295824334799965e-01 6.654575286090019803e-01 4.351016433026470009e-01
-2.356194490192344837e+00 6.835332741462569750e-01 7.445958532542029662e-01 4.384129257931579926e-01
-2.303834612632515100e+00 6.578829429346579882e-01 8.239271569803789941e-01 4.417242083207399972e-01
-2.251474735072684918e+00 6.285606081444079507e-01 9.018515931574889732e-01 4.461688965056109790e-01
-2.199114857512855181e+00 5.959957134186789629e-01 9.778100280466469618e-01 4.511960779948699929e-01
-2.146754979953025444e+00 5.605059002427750237e-01 1.051823265657439999e+00 4.566268245582260077e-01
-2.094395102393195263e+00 5.205119748883989539e-01 1.121493960790469924e+00 4.617072823020559880e-01
-2.042035224833365525e+00 4.775377156555870028e-01 1.187156394166309914e+00 4.660171044531150053e-01
-1.989675347273535788e+00 4.319325196936290023e-01 1.248718987226969945e+00 4.697896825910840013e-01
-1.937315469713705829e+00 3.834753991387039873e-01 1.305043818203829975e+00 4.735356852521410143e-01
-1.884955592153875870e+00 3.318771250782669990e-01 1.353677044332419976e+00 4.744517764652840253e-01
-1.832595714594046132e+00 2.785630596980889773e-01 1.396525569566879899e+00 4.747286552525379899e-01
-1.780235837034216173e+00 2.239073837282899992e-01 1.433381545077869967e+00 4.744078253058670036e-01
-1.727875959474386214e+00 1.680039829214440006e-01 1.461417975620779908e+00 4.723625268943080213e-01
-1.675516081914556477e+00 1.117695630513849958e-01 1.481171910161539929e+00 4.681456755762459787e-01
-1.623156204354726517e+00 5.568167582708190289e-02 1.494060673452960009e+00 4.632502139519569795e-01
-1.570796326794896558e+00 -2.181157629998829884e-10 1.499999999976739939e+00 4.583547522621350123e-01
-1.518436449235066599e+00 -5.568167549323459892e-02 1.494060673488589952e+00 4.474288410490109835e-01
-1.466076571675236861e+00 -1.117695628991160067e-01 1.481171910207929932e+00 4.365029297423460020e-01
-1.413716694115406902e+00 -1.680039833594129950e-01 1.461417975401150038e+00 4.250619730338909830e-01
-1.361356816555576943e+00 -2.239073841662579945e-01 1.433381544858209899e+00 4.119728712881760013e-01
-1.308996938995747206e+00 -2.785630594792130044e-01 1.396525569720959981e+00 3.975749483812580087e-01
-1.256637061435917246e+00 -3.318771248346720215e-01 1.353677044556149900e+00 3.827832669779560049e-01
-1.204277183876087287e+00 -3.834753994545109790e-01 1.305043817836770037e+00 3.676298051078840112e-01
-1.151917306316257550e+00 -4.319325193392730133e-01 1.248718987638889999e+00 3.508746749921060060e-01
-1.099557428756427591e+00 -4.775377155939750096e-01 1.187156394254520020e+00 3.341195447108110117e-01
-1.047197551196597631e+00 -5.205119750173540227e-01 1.121493960565840053e+00 3.172611759457660274e-01
-9.948376736367678941e-01 -5.605058998186139840e-01 1.051823266396400003e+00 3.001963303506610115e-01
-9.424777960769379348e-01 -5.959957134859360517e-01 9.778100279050629950e-01 2.830376313541890232e-01
-8.901179185171080865e-01 -6.285606083836710045e-01 9.018515925522649912e-01 2.659755203891909781e-01
-8.377580409572782383e-01 -6.578829430676620404e-01 8.239271565678979448e-01 2.490535143057029943e-01
-7.853981633974482790e-01 -6.835332739244369682e-01 7.445958539389130326e-01 2.324041217418610084e-01
-7.330382858376184307e-01 -6.687295824319730020e-01 6.654575286144189805e-01 2.155881304014770072e-01
-6.806784082777884715e-01 -6.522147006459569907e-01 5.871623693739870253e-01 1.890422378899589972e-01
-6.283185307179586232e-01 -6.343180196774379498e-01 5.100951816076619849e-01 1.495913797082709940e-01
-5.759586531581287749e-01 -6.273991841041910433e-01 4.363405733379440155e-01 1.084506373557510006e-01
-5.235987755982988157e-01 -7.103959268983740527e-01 3.368584434217979928e-01 7.628873401129679377e-02
-5.130210225559090897e-01 -7.364850628372260344e-01 3.140511652077400129e-01 7.068492717693319882e-02
-5.024432695135193638e-01 -7.631399734355059916e-01 2.912062726286069880e-01 6.507241444254320550e-02
-4.918655164711295824e-01 -7.903390103095050412e-01 2.683296344301300262e-01 5.944957470335859862e-02
-4.812877634287397455e-01 -8.240687937956640008e-01 2.488957492595380017e-01 5.344232834344139760e-02
-4.707100103863500196e-01 -8.609314378423259528e-01 2.309392392803920058e-01 4.727191325113389714e-02
-4.601322573439602381e-01 -8.977045006970090224e-01 2.131063147095260124e-01 4.109737422737649859e-02
-4.495545043015704567e-01 -9.345064928949620153e-01 1.953453002133019867e-01 3.499170900737139794e-02
-4.389767512591789544e-01 -9.718176401773800377e-01 1.775842857170779887e-01 2.889168275787939999e-02
-4.283989982167891730e-01 -1.013837496771939906e+00 1.598383712179100025e-01 2.284911849652740065e-02
-4.178212451743993916e-01 -1.054061667599099916e+00 1.424414614238929955e-01 1.686044214668380031e-02
-4.072434921320096657e-01 -1.066938896493019984e+00 1.339854800172400051e-01 1.390895597762890033e-02
-3.966657390896198843e-01 -1.079815912177479964e+00 1.255296108887520024e-01 1.095757507247660002e-02
-3.860879860472301028e-01 -1.092692763983190041e+00 1.170738452507090049e-01 8.006280376615630343e-03
-3.755102330048403769e-01 -1.105569487112169957e+00 1.086181752091320007e-01 5.055057172686479652e-03
-3.649324799624505400e-01 -1.118446107358010089e+00 1.001625936529760008e-01 2.103893912957679850e-03
-3.543547269200608141e-01 -1.131322644052209947e+00 9.170709415941680209e-02 -8.472185903691789501e-04
-3.437769738776710327e-01 -1.138543999825119890e+00 8.464540898376950173e-02 -2.848546973565410124e-03
-3.331992208352812512e-01 -1.140108926787460009e+00 7.897748131164239460e-02 -3.900092941792139903e-03
-3.226214677928914698e-01 -1.141672156369859970e+00 7.330955484817849865e-02 -4.951590448642160386e-03
-3.120437147505017439e-01 -1.142308749161859982e+00 6.780801060748789522e-02 -5.924266665953939644e-03
-3.014659617081119070e-01 -1.139230051340250016e+00 6.297295625171960010e-02 -6.581837125810129779e-03
-2.908882086657221810e-01 -1.136126768983910074e+00 5.813963169957350047e-02 -7.239358342520229618e-03
-2.803104556233323996e-01 -1.132998812077560036e+00 5.330821981948349886e-02 -7.896823058136159812e-03
-2.697327025809426182e-01 -1.126934295355660032e+00 4.905486171241840027e-02 -8.435687976747870825e-03
-2.591549495385511159e-01 -1.119895411209339997e+00 4.488989068382229913e-02 -8.961360685769879930e-03
-2.485771964961613345e-01 -1.113692893228660052e+00 4.076101423904830018e-02 -9.487019984048470495e-03
-2.379994434537715531e-01 -1.102806431926000030e+00 3.682237618707349947e-02 -1.103383120308970046e-02
-2.274216904113817994e-01 -1.087943116160309920e+00 3.291231570951769908e-02 -1.322478557784909949e-02
-2.168439373689920457e-01 -1.073079800394610039e+00 2.898577194081549888e-02 -1.539099310973199991e-02
-2.062661843266022643e-01 -1.048515807032700087e+00 2.535130986676959949e-02 -1.845781637215810136e-02
-1.956884312842125107e-01 -1.001316896841029980e+00 2.239837182034670054e-02 -2.378517518603839864e-02
-1.851106782418227292e-01 -9.532569782052709995e-01 1.944543377392389874e-02 -2.923669867309950168e-02
-1.745329251994329478e-01 -9.069190764576849917e-01 1.649249572750099979e-02 -3.468822216016070187e-02
-1.639551721570429998e-01 -8.281754785034509680e-01 1.475077696911870039e-02 -4.158173205514539839e-02
-1.533774191146532462e-01 -7.484344847133540535e-01 1.300374003176349956e-02 -4.864898329257669879e-02
-1.427996660722632982e-01 -6.690049409552529802e-01 1.132812398442149988e-02 -5.562263522238149877e-02
-1.322219130298735168e-01 -5.897567644987850022e-01 1.042477758702669947e-02 -5.962213825472539863e-02
-1.216441599874835688e-01 -5.105565339087629884e-01 9.817761733363869134e-03 -6.346383089341159356e-02
-1.110664069450936348e-01 -4.314130949218950017e-01 9.211679673017149350e-03 -6.743719540843490234e-02
-1.004886539027038533e-01 -3.528574306377090242e-01 8.644305708373510588e-03 -7.076180882214519463e-02
-8.991090086031391926e-02 -2.751100178683900110e-01 8.145270423930919476e-03 -7.351756983839470572e-02
-7.933314781792397130e-02 -1.973646634627110041e-01 7.721683348694960078e-03 -7.627333085464439721e-02
-6.875539477553420376e-02 -1.197671457426700004e-01 7.334325824544989623e-03 -7.894851328942889546e-02
-5.817764173314425580e-02 -4.347648047546490147e-02 7.234507772745420000e-03 -8.089848843025830571e-02
-4.759988869075449519e-02 3.281131034671439656e-02 7.134854612478640223e-03 -8.282600152344389566e-02
-3.702213564836454723e-02 1.090938962183699984e-01 7.035372134745259895e-03 -8.467924742909080371e-02
-2.644438260597477622e-02 1.848631603433029957e-01 7.018435258680600329e-03 -8.635657736860420652e-02
-1.586662956358486296e-02 2.604503374525979909e-01 7.026697882918969858e-03 -8.798102651256230200e-02
-5.288876521194919335e-03 3.357523660491050221e-01 7.060955466111290026e-03 -8.954944719343120585e-02
5.288876521194919335e-03 4.109725814546110190e-01 7.112047312593799617e-03 -9.108312679848640236e-02
1.586662956358486296e-02 4.862042047343599904e-01 7.179974876911710338e-03 -9.258132489698299439e-02
2.644438260597477622e-02 5.609418204044730460e-01 7.280089846383980268e-03 -9.402162016737540540e-02
3.702213564836454723e-02 6.350691639002480349e-01 7.393625685506649732e-03 -9.543671595947690600e-02
4.759988869075449519e-02 7.090157956603539979e-01 7.538129516681179795e-03 -9.679056412571049317e-02
5.817764173314425580e-02 7.825528875078160418e-01 7.711478612174710139e-03 -9.809114981864530680e-02
6.875539477553420376e-02 8.557526133962020110e-01 7.908439864691210741e-03 -9.934819447191629849e-02
7.933314781792415171e-02 9.280178796197480207e-01 8.173132178325440839e-03 -1.004984316968900032e-01
8.991090086031391926e-02 9.997486963373789504e-01 8.478882023535449716e-03 -1.015949779920509999e-01
1.004886539027038533e-01 1.070190358044609935e+00 8.885504411839070457e-03 -1.025654887988750041e-01
1.110664069450938152e-01 1.139404140084999906e+00 9.371033392359319480e-03 -1.034096968857950022e-01
1.216441599874835688e-01 1.207797631648990011e+00 9.908990369428010217e-03 -1.041697825462289950e-01
1.322219130298733503e-01 1.273803935363960083e+00 1.058647828433710060e-02 -1.046838784342910000e-01
1.427996660722632982e-01 1.338949898972890074e+00 1.130038338097930084e-02 -1.051101949366829991e-01
1.533774191146532462e-01 1.402372433771519988e+00 1.207794225416649984e-02 -1.053621151622920055e-01
1.639551721570429998e-01 1.464197987049659977e+00 1.289308700819630053e-02 -1.054504199772710038e-01
1.745329251994329478e-01 1.525163441476039994e+00 1.372853410773950018e-02 -1.054507615055109981e-01
1.851106782418227292e-01 1.582485844475920000e+00 1.468199400085050052e-02 -1.051219506155419980e-01
1.956884312842125107e-01 1.638196406106730008e+00 1.570199719539749905e-02 -1.046705549351139991e-01
2.062661843266022643e-01 1.690913234404209931e+00 1.683671421408190066e-02 -1.039911799958510019e-01
2.168439373689920457e-01 1.738266107086920087e+00 1.825181831176969985e-02 -1.029998966808770011e-01
2.274216904113817994e-01 1.782684088578829984e+00 1.976605165432750166e-02 -1.018543663491980056e-01
2.379994434537715531e-01 1.814982244017419921e+00 2.196902388941589929e-02 -1.003116258690859991e-01
2.485771964961613345e-01 1.839152195883960061e+00 2.478170252269649987e-02 -9.868416020488320062e-02
2.591549495385511159e-01 1.852004688747749928e+00 2.847027095862629878e-02 -9.693801757949520315e-02
2.697327025809426182e-01 1.838838981618430068e+00 3.408702962304310108e-02 -9.517588406352449348e-02
2.803104556233323996e-01 1.814742681677139924e+00 4.068611693575230337e-02 -9.355011820332330419e-02
2.908882086657221810e-01 1.764129523614389905e+00 5.034158978738469820e-02 -9.324105606856429584e-02
3.014659617081119070e-01 1.713516365551640108e+00 5.999706263901719711e-02 -9.295052222276670162e-02
3.120437147505017439e-01 1.662903207488900081e+00 6.965253549064960581e-02 -9.268358842996160529e-02
3.226214677928914698e-01 1.614876480141560045e+00 8.038599202099140639e-02 -9.416498790549260312e-02
3.331992208352812512e-01 1.567496360335919992e+00 9.138894441384820544e-02 -9.602290548788189328e-02
3.437769738776710327e-01 1.520116240530279939e+00 1.023918968067050045e-01 -9.788475169645580176e-02
3.543547269200608141e-01 1.480610785832199960e+00 1.138327398343159935e-01 -1.003101690730869994e-01
3.649324799624505400e-01 1.448979995053939929e+00 1.258716117552929892e-01 -1.033082100622240013e-01
3.755102330048403769e-01 1.417349204275669905e+00 1.381878049422660126e-01 -1.064403910932480019e-01
3.860879860472301028e-01 1.385718413497400103e+00 1.502670730688800138e-01 -1.097134872823150031e-01
3.966657390896198843e-01 1.353619699004110055e+00 1.614096334329229998e-01 -1.129961849902269971e-01
4.072434921320096657e-01 1.319822898482110096e+00 1.728432031003049874e-01 -1.162870882511209958e-01
4.178212451743993916e-01 1.286026097960099923e+00 1.846261378547700005e-01 -1.195850592033730064e-01
4.283989982167891730e-01 1.256294150377400110e+00 1.987058344696439882e-01 -1.238364393945410036e-01
4.389767512591789544e-01 1.228380355022429926e+00 2.130692519019879994e-01 -1.281961653739560059e-01
4.495545043015704567e-01 1.204496112952700093e+00 2.274821332378169914e-01 -1.325592446738080021e-01
4.601322573439602381e-01 1.180314389220199933e+00 2.419778743237069873e-01 -1.369261763277160038e-01
4.707100103863500196e-01 1.157030851474240007e+00 2.563141534684920120e-01 -1.412975635577480016e-01
4.812877634287397455e-01 1.134280272237000009e+00 2.706041817516610104e-01 -1.456741424624259928e-01
4.918655164711295824e-01 1.110616411222179911e+00 2.865111519224959880e-01 -1.503044718694140081e-01
5.024432695135193638e-01 1.079589196107709981e+00 3.061909872479069983e-01 -1.555149996706680082e-01
5.130210225559090897e-01 1.050936727408189997e+00 3.255167491909720101e-01 -1.607255340492569906e-01
5.235987755982988157e-01 1.023988069964709924e+00 3.460613938852240001e-01 -1.659360795474340011e-01
5.759586531581287749e-01 9.444348938682779471e-01 4.363405733379450147e-01 -1.896273656766470084e-01
6.283185307179586232e-01 9.543828852534840257e-01 5.100951816076619849e-01 -2.090359020028380033e-01
6.806784082777884715e-01 9.638781437799379681e-01 5.871623693739870253e-01 -2.282405698649339898e-01
7.330382858376184307e-01 9.713994034742460260e-01 6.654575286144199797e-01 -2.458140151369080095e-01
7.853981633974482790e-01 9.764761056063390177e-01 7.445958539389130326e-01 -2.621715490394839754e-01
8.377580409572782383e-01 9.398327758109460417e-01 8.239271565678979448e-01 -2.783965638152149924e-01
8.901179185171080865e-01 8.979437262623870541e-01 9.018515925522649912e-01 -2.938745784866230171e-01
9.424777960769379348e-01 8.514224478370520099e-01 9.778100279050629950e-01 -3.089921830859059804e-01
9.948376736367678941e-01 8.007227140265910093e-01 1.051823266396400003e+00 -3.238368749521660095e-01
1.047197551196597631e+00 7.435885357390770167e-01 1.121493960565840053e+00 -3.384340592546549731e-01
1.099557428756427591e+00 6.821967365628219815e-01 1.187156394254520020e+00 -3.524867274773770265e-01
1.151917306316257550e+00 6.170464561989610353e-01 1.248718987638889999e+00 -3.662671375991309874e-01
1.204277183876087287e+00 5.478219992207290501e-01 1.305043817836770037e+00 -3.800475475847540086e-01
1.256637061435917246e+00 4.741101783352449917e-01 1.353677044556149900e+00 -3.926105868893899897e-01
1.308996938995747206e+00 3.979472278274470143e-01 1.396525569720959981e+00 -4.048986498067270179e-01
1.361356816555576943e+00 3.198676916660829761e-01 1.433381544858209899e+00 -4.169234730516599985e-01
1.413716694115406902e+00 2.400056905134470009e-01 1.461417975401150038e+00 -4.281697606124900135e-01
1.466076571675236861e+00 1.596708041415950130e-01 1.481171910207929932e+00 -4.384356700174710242e-01
1.518436449235066599e+00 7.954525070462059588e-02 1.494060673488589952e+00 -4.483952111843290123e-01
1.570796326794896558e+00 3.115938111768110091e-10 1.499999999976739939e+00 -4.583547522659199847e-01
1.623156204354726517e+00 -5.568167582708170166e-02 1.494060673452960009e+00 -4.632502139519569795e-01
1.675516081914556477e+00 -1.117695630513849958e-01 1.481171910161539929e+00 -4.681456755762459787e-01
1.727875959474386214e+00 -1.680039829214449998e-01 1.461417975620779908e+00 -4.723625268943080213e-01
1.780235837034216173e+00 -2.239073837282899992e-01 1.433381545077869967e+00 -4.744078253058670036e-01
1.832595714594046132e+00 -2.785630596980889773e-01 1.396525569566879899e+00 -4.747286552525379899e-01
1.884955592153875870e+00 -3.318771250782669990e-01 1.353677044332419976e+00 -4.744517764652840253e-01
1.937315469713705829e+00 -3.834753991387049865e-01 1.305043818203829975e+00 -4.735356852521410143e-01
1.989675347273535788e+00 -4.319325196936290023e-01 1.248718987226969945e+00 -4.697896825910840013e-01
2.042035224833365525e+00 -4.775377156555870028e-01 1.187156394166309914e+00 -4.660171044531150053e-01
2.094395102393195263e+00 -5.205119748883989539e-01 1.121493960790469924e+00 -4.617072823020559880e-01
2.146754979953025444e+00 -5.605059002427750237e-01 1.051823265657439999e+00 -4.566268245582260077e-01
2.199114857512855181e+00 -5.959957134186789629e-01 9.778100280466479610e-01 -4.511960779948699929e-01
2.251474735072684918e+00 -6.285606081444089499e-01 9.018515931574889732e-01 -4.461688965056109790e-01
2.303834612632515100e+00 -6.578829429346589874e-01 8.239271569803779949e-01 -4.417242083207399972e-01
2.356194490192344837e+00 -6.835332741462569750e-01 7.445958532542029662e-01 -4.384129257931579926e-01
2.408554367752174574e+00 -7.062295824334809957e-01 6.654575286090019803e-01 -4.351016433026470009e-01
2.460914245312004756e+00 -7.272147006085699639e-01 5.871623695212589977e-01 -4.321273482693139822e-01
2.513274122871834493e+00 -7.468180198818219484e-01 5.100951808256479758e-01 -4.300987062064030031e-01
2.565634000431664230e+00 -7.661044256455680213e-01 4.363405735758240089e-01 -4.282438758601330164e-01
2.617993877991494411e+00 -7.242546896023039915e-01 3.650416243375079750e-01 -4.246885779173940056e-01
2.670353755551324149e+00 -6.518292205604919731e-01 2.983927610141520192e-01 -4.038330416357480135e-01
2.722713633111153886e+00 -5.794037515186799547e-01 2.366807344050929907e-01 -3.812473758473269858e-01
2.775073510670984067e+00 -5.069782824768670482e-01 1.801695185781209962e-01 -3.586625918719100192e-01
2.827433388230813804e+00 -4.345528134350559735e-01 1.298765380600609975e-01 -3.809076220510699828e-01
2.879793265790643542e+00 -3.621273443932440106e-01 8.685187247950500178e-02 -4.255672639067760166e-01
2.932153143350473723e+00 -2.897018753514319922e-01 5.113659188815840306e-02 -4.702269057624819948e-01
2.984513020910303460e+00 -2.172764063096200016e-01 3.002073516134360145e-02 -4.499999988245669824e-01
3.036872898470133197e+00 -1.448509372678080109e-01 2.414256211111820080e-02 -2.999999986531680096e-01
3.089232776029963379e+00 -7.242546917696220110e-02 2.050404449623750153e-02 -1.500000004513090124e-01
3.141592653589793116e+00 2.885986215868990062e-18 1.914002982039200024e-02 0.000000000000000000e+00
