# Angle of attack [rad] 	 Lift coefficient [-] 	 Drag coefficient [-] 	 Moment coefficient [-]
-3.141592653589793116e+00 0.000000000000000000e+00 1.208322408875030056e-02 0.000000000000000000e+00
-3.089232776029963379e+00 7.764402733012400193e-02 1.344236970905140008e-02 1.200000003610469934e-01
-3.036872898470133197e+00 1.552880534958719916e-01 1.706808793148410081e-02 2.399999989225340136e-01
-2.984513020910303460e+00 2.329325074791510075e-01 2.292623935025860094e-02 3.600006586823850108e-01
-2.932153143350473723e+00 3.105800523782850098e-01 3.569843998545840086e-02 3.950618346784349755e-01
-2.879793265790643542e+00 3.882201350515789851e-01 7.088473098523409566e-02 3.876555273086709774e-01
-2.827433388230813804e+00 4.658684016152139784e-01 1.132018473858620033e-01 3.802484392544300262e-01
-2.775073510670984067e+00 5.435039101905200232e-01 1.620780091714560112e-01 3.829085528121700110e-01
-2.722713633111153886e+00 6.211542438848579595e-01 2.172842890105819991e-01 4.057053346484659762e-01
-2.670353755551324149e+00 6.987970742423730286e-01 2.778169071361930031e-01 4.284979296323049858e-01
-2.617993877991494411e+00 7.764402709777580291e-01 3.434155657756249869e-01 4.492274834166419817e-01
-2.565634000431664230e+00 8.187597715074550475e-01 4.137915689504290118e-01 4.493237756812930028e-01
-2.513274122871834493e+00 7.903944345016580275e-01 4.867552843155970033e-01 4.472960267806619927e-01
-2.460914245312004756e+00 7.632661779112059897e-01 5.631525505495990069e-01 4.452877988620079774e-01
-2.408554367752174574e+00 7.354921065566369931e-01 6.408969635380969976e-01 4.445903816224969773e-01
-2.356194490192344837e+00 7.066404937434489497e-01 7.195927772328859495e-01 4.460389410078199890e-01
-2.303834612632515100e+00 6.754010726443719914e-01 7.985955235568380495e-01 4.474502736573029993e-01
-2.251474735072684918e+00 6.413820698453920333e-01 8.765790475850889774e-01 4.504804790195390263e-01
-2.199114857512855181e+00 6.059495324570030039e-01 9.531005790429329938e-01 4.543447213339220081e-01
-2.146754979953025444e+00 5.679171568569080231e-01 1.027776359366290082e+00 4.588010719009770200e-01
-2.094395102393195263e+00 5.258643069065610520e-01 1.098237858457669969e+00 4.630274559125739930e-01
-2.042035224833365525e+00 4.811372545490710251e-01 1.164789485074039899e+00 4.667486747646300005e-01
-1.989675347273535788e+00 4.340527061552300059e-01 1.227331356199760082e+00 4.702173264142859854e-01
-1.937315469713705829e+00 3.844163732304279879e-01 1.284732528260319917e+00 4.736858945029390200e-01
-1.884955592153875870e+00 3.321153394316609941e-01 1.334556081810049921e+00 4.744627347019220176e-01
-1.832595714594046132e+00 2.784017722267190242e-01 1.378677091898280027e+00 4.746315585637549961e-01
-1.780235837034216173e+00 2.234804823162689913e-01 1.416885537559350094e+00 4.742230351689449841e-01
-1.727875959474386214e+00 1.674874458185759973e-01 1.446374838795750017e+00 4.721213862009149831e-01
-1.675516081914556477e+00 1.113104845183340019e-01 1.467668383491750106e+00 4.678876662274750187e-01
-1.623156204354726517e+00 5.539560189020280301e-02 1.482167450762490013e+00 4.629876667016349923e-01
-1.570796326794896558e+00 -2.169951580866830062e-10 1.489786163593959989e+00 4.580876546389620052e-01
-1.518436449235066599e+00 -5.539560155807070341e-02 1.482167450808139941e+00 4.469630406812590273e-01
-1.466076571675236861e+00 -1.113104843663449972e-01 1.467668383542390043e+00 4.358384207937129884e-01
-1.413716694115406902e+00 -1.674874462572470135e-01 1.446374838564669973e+00 4.242151537218200041e-01
-1.361356816555576943e+00 -2.234804827549390083e-01 1.416885537328359979e+00 4.109962308979189793e-01
-1.308996938995747206e+00 -2.784017720066579993e-01 1.378677092057690068e+00 3.965101700148440100e-01
-1.256637061435917246e+00 -3.321153391856589976e-01 1.334556082039439984e+00 3.816498205893290030e-01
-1.204277183876087287e+00 -3.844163735539209981e-01 1.284732527886170095e+00 3.664534910013340085e-01
-1.151917306316257550e+00 -4.340527057922520249e-01 1.227331356619459912e+00 3.497697340865499882e-01
-1.099557428756427591e+00 -4.811372544852440258e-01 1.164789485163550076e+00 3.330859756243059744e-01
-1.047197551196597631e+00 -5.258643070421600285e-01 1.098237858230429964e+00 3.163339118448330045e-01
-9.948376736367678941e-01 -5.679171564109249948e-01 1.027776360113449972e+00 2.994452404997690054e-01
-9.424777960769379348e-01 -6.059495325291449630e-01 9.531005789001329997e-01 2.824944747904870046e-01
-8.901179185171080865e-01 -6.413820701086100362e-01 8.765790469759440207e-01 2.656498399586890158e-01
-8.377580409572782383e-01 -6.754010728087570525e-01 7.985955231458989889e-01 2.489563136701510027e-01
-7.853981633974482790e-01 -7.066404934758510059e-01 7.195927779144639658e-01 2.325568093952889992e-01
-7.330382858376184307e-01 -7.000064378971430079e-01 6.408969635434800249e-01 2.161572960127340071e-01
-6.806784082777884715e-01 -6.991053703832680322e-01 5.631525504034969876e-01 1.873438925627839979e-01
-6.283185307179586232e-01 -7.043532559173110164e-01 4.867552850899100059e-01 1.416758137741430112e-01
-5.759586531581287749e-01 -7.176785003063620438e-01 4.137915687153270183e-01 9.413182802578040631e-02
-5.235987755982988157e-01 -8.538233688887499895e-01 3.046956675625520083e-01 6.166735185514150147e-02
-5.130210225559090897e-01 -8.932512331348390067e-01 2.792737958409839960e-01 5.666379953230320232e-02
-5.024432695135193638e-01 -9.328614337483980279e-01 2.539412347815819815e-01 5.168027722094249710e-02
-4.918655164711295824e-01 -9.727172201876610469e-01 2.286802046543479905e-01 4.671956606989000060e-02
-4.812877634287397455e-01 -9.874829635949029516e-01 2.140861397672889910e-01 4.255766417163339699e-02
-4.707100103863500196e-01 -9.917684740746649519e-01 2.040271892140569920e-01 3.872900871390110022e-02
-4.601322573439602381e-01 -9.978567257763819587e-01 1.936733246211080062e-01 3.489300934150049716e-02
-4.495545043015704567e-01 -1.005105434304959910e+00 1.831875391720479973e-01 3.092556400571380010e-02
-4.389767512591789544e-01 -1.012633507834759916e+00 1.727017537229879884e-01 2.694864172607409902e-02
-4.283989982167891730e-01 -1.019133930281409972e+00 1.625604499264380054e-01 2.297171944643449856e-02
-4.178212451743993916e-01 -1.025662250492570093e+00 1.532919605936459984e-01 1.947142111015140106e-02
-4.072434921320096657e-01 -1.031353156466340071e+00 1.451098293587460009e-01 1.673375267316309922e-02
-3.966657390896198843e-01 -1.037044566579740090e+00 1.369274269665129995e-01 1.399583001863229960e-02
-3.860879860472301028e-01 -1.042736364188979969e+00 1.287447746397240023e-01 1.125769916438999936e-02
-3.755102330048403769e-01 -1.048428466057879982e+00 1.205618914427319943e-01 8.519395653588619777e-03
-3.649324799624505400e-01 -1.054120811196820107e+00 1.123787945490609952e-01 5.780947374572229826e-03
-3.543547269200608141e-01 -1.059813353895910026e+00 1.041954994701529968e-01 3.042376516329279960e-03
-3.437769738776710327e-01 -1.062110061743700040e+00 9.709739348047770335e-02 1.033753464247720013e-03
-3.331992208352812512e-01 -1.061013882879670023e+00 9.108461446100959980e-02 -2.571172461917420262e-04
-3.226214677928914698e-01 -1.059921717517360085e+00 8.507183252255970385e-02 -1.550472469656219952e-03
-3.120437147505017439e-01 -1.057893862279599917e+00 7.924749523304019938e-02 -2.744531550286680079e-03
-3.014659617081119070e-01 -1.052143919020829932e+00 7.417461619231149883e-02 -3.544911781444420006e-03
-2.908882086657221810e-01 -1.046452106572620000e+00 6.909755959009429571e-02 -4.341523842566029877e-03
-2.803104556233323996e-01 -1.040818637778629929e+00 6.401588379005700158e-02 -5.134859445349539663e-03
-2.697327025809426182e-01 -1.040837938395080098e+00 5.906988035999929942e-02 -5.301346375823160102e-03
-2.591549495385511159e-01 -1.043017734587089906e+00 5.408060679854510139e-02 -5.397768231603599851e-03
-2.485771964961613345e-01 -1.042303920737720047e+00 4.900416302807159702e-02 -5.493678864383969886e-03
-2.379994434537715531e-01 -1.039034008742180104e+00 4.424351855836410052e-02 -5.703046825942910229e-03
-2.274216904113817994e-01 -1.036266893483180018e+00 3.995090646009930024e-02 -6.076715869429450204e-03
-2.168439373689920457e-01 -1.033801408518719933e+00 3.569051772440400006e-02 -6.510145918367840276e-03
-2.062661843266022643e-01 -1.023547571273710100e+00 3.157180834240840006e-02 -8.488787833757850329e-03
-1.956884312842125107e-01 -9.943436666577769589e-01 2.778368415466180019e-02 -1.364308240106110008e-02
-1.851106782418227292e-01 -9.671684072172479496e-01 2.399555996691509971e-02 -1.854855429542569961e-02
-1.745329251994329478e-01 -9.363482756452899958e-01 2.020743577916839923e-02 -2.345402618979040149e-02
-1.639551721570429998e-01 -8.576633265430260167e-01 1.783251772085010095e-02 -3.293199884930039789e-02
-1.533774191146532462e-01 -7.817114172121299998e-01 1.546018785437820037e-02 -4.210357442408359935e-02
-1.427996660722632982e-01 -7.050491817751900481e-01 1.293202572264309964e-02 -5.151167170918029975e-02
-1.322219130298735168e-01 -6.248971105242110413e-01 1.157159934686100011e-02 -5.823855481702539666e-02
-1.216441599874835688e-01 -5.429903580790950146e-01 1.077571579258359939e-02 -6.318021975259109635e-02
-1.110664069450936348e-01 -4.610555534620620066e-01 9.977644896755599388e-03 -6.799685321085000012e-02
-1.004886539027038533e-01 -3.797755823067520131e-01 9.419049983337500487e-03 -7.211752323060530157e-02
-8.991090086031391926e-02 -2.995866715443489814e-01 9.213027690600230149e-03 -7.519488799756070263e-02
-7.933314781792397130e-02 -2.193964451777540015e-01 8.994422511684460608e-03 -7.827080357037269343e-02
-6.875539477553420376e-02 -1.393284844122930077e-01 8.779116855821139653e-03 -8.127994931967930103e-02
-5.817764173314425580e-02 -6.037747043549720333e-02 8.686547077389710284e-03 -8.371564375089589338e-02
-4.759988869075449519e-02 1.857398338066679894e-02 8.593582417666899981e-03 -8.620580040309129555e-02
-3.702213564836454723e-02 9.752018518872260233e-02 8.500209359762780220e-03 -8.889261788412189391e-02
-2.644438260597477622e-02 1.758490455915880102e-01 8.464572771830129391e-03 -9.125544112016140130e-02
-1.586662956358486296e-02 2.541691209688040076e-01 8.450101681391519390e-03 -9.351699647534329751e-02
-5.288876521194919335e-03 3.321047100721569723e-01 8.473444534306210502e-03 -9.563325849832149395e-02
5.288876521194919335e-03 4.093829225830419860e-01 8.518072902438120556e-03 -9.767258055211260059e-02
1.586662956358486296e-02 4.861562845686629997e-01 8.583982831356799792e-03 -9.963658347333660681e-02
2.644438260597477622e-02 5.627469502772289855e-01 8.684871450405719923e-03 -1.014903173696189986e-01
3.702213564836454723e-02 6.392349264349499460e-01 8.801266690246259752e-03 -1.032984704731449987e-01
4.759988869075449519e-02 7.151222683449099948e-01 8.954980739705789214e-03 -1.050052936945250065e-01
5.817764173314425580e-02 7.905542763426589570e-01 9.133878275865529861e-03 -1.066351605741839986e-01
6.875539477553420376e-02 8.656190946706250333e-01 9.333355508344550258e-03 -1.082019718765989957e-01
7.933314781792415171e-02 9.397923309951320414e-01 9.585344048064560127e-03 -1.096318437804419954e-01
8.991090086031391926e-02 1.013579291706300012e+00 9.858566578604569669e-03 -1.110054960036160054e-01
1.004886539027038533e-01 1.086495321152769922e+00 1.017738061471109949e-02 -1.122574998967389992e-01
1.110664069450938152e-01 1.158374667256190094e+00 1.055166071804899963e-02 -1.133809315412570018e-01
1.216441599874835688e-01 1.229568170855420028e+00 1.096332333737990057e-02 -1.144184640215090004e-01
1.322219130298733503e-01 1.299317978700869958e+00 1.142168929492770081e-02 -1.152600445584490013e-01
1.427996660722632982e-01 1.367950065244559976e+00 1.194219341075329968e-02 -1.159763079717519990e-01
1.533774191146532462e-01 1.434172897860580109e+00 1.261226837250930058e-02 -1.164237319471349980e-01
1.639551721570429998e-01 1.498616457795300061e+00 1.332985829232109960e-02 -1.166510568180449958e-01
1.745329251994329478e-01 1.562102660185819891e+00 1.407292623714610086e-02 -1.167595481582510003e-01
1.851106782418227292e-01 1.621382903001229892e+00 1.495594764438219933e-02 -1.163964064644359975e-01
1.956884312842125107e-01 1.678731111763809958e+00 1.590636920281450137e-02 -1.158363317887030064e-01
2.062661843266022643e-01 1.732490266830110093e+00 1.698134729740150006e-02 -1.149113179076979990e-01
2.168439373689920457e-01 1.780458377415379934e+00 1.830063402214859858e-02 -1.135065709426929942e-01
2.274216904113817994e-01 1.825423001161019965e+00 1.977859364454900154e-02 -1.118716365208640012e-01
2.379994434537715531e-01 1.860482335280400079e+00 2.179974893327960017e-02 -1.097728557015539980e-01
2.485771964961613345e-01 1.886539437485069914e+00 2.433858490395950092e-02 -1.074123786977149997e-01
2.591549495385511159e-01 1.897788782475229974e+00 2.773783930230450112e-02 -1.046705658952670065e-01
2.697327025809426182e-01 1.897179136990889914e+00 3.242428617159749671e-02 -1.023224804729040011e-01
2.803104556233323996e-01 1.887429008944659925e+00 3.793566714290280001e-02 -1.002090343555410018e-01
2.908882086657221810e-01 1.840941233176039971e+00 4.701288063049519766e-02 -9.901085762206809915e-02
3.014659617081119070e-01 1.794453457407420016e+00 5.609009411808760226e-02 -9.777115867731819843e-02
3.120437147505017439e-01 1.747965681638800062e+00 6.516730760567999992e-02 -9.647794324467069693e-02
3.226214677928914698e-01 1.691731521254079995e+00 7.660778517574219626e-02 -9.746249321815769751e-02
3.331992208352812512e-01 1.633060765232150047e+00 8.863907864110520674e-02 -9.903071569535730478e-02
3.437769738776710327e-01 1.574390009210220098e+00 1.006703721064679952e-01 -1.006084083892749975e-01
3.543547269200608141e-01 1.527397005222270066e+00 1.132238423751739942e-01 -1.034631372139079991e-01
3.649324799624505400e-01 1.492081751506940002e+00 1.262994893684599995e-01 -1.075557759360839943e-01
3.755102330048403769e-01 1.456766497791599946e+00 1.393751363617470040e-01 -1.116160775536869931e-01
3.860879860472301028e-01 1.421451244076270104e+00 1.525645030446969863e-01 -1.156493352495220062e-01
3.966657390896198843e-01 1.386135990360930048e+00 1.661169076070350137e-01 -1.196597805673329934e-01
4.072434921320096657e-01 1.350820736645599984e+00 1.795275357239579928e-01 -1.236508449047740016e-01
4.178212451743993916e-01 1.315505482930259928e+00 1.928345416687499980e-01 -1.276253498498000072e-01
4.283989982167891730e-01 1.289437924789629930e+00 2.066641492074670072e-01 -1.317833328026100093e-01
4.389767512591789544e-01 1.265273939717149965e+00 2.204829338286879992e-01 -1.359576585494760015e-01
4.495545043015704567e-01 1.244116107868459942e+00 2.341822606712339883e-01 -1.401261453594039863e-01
4.601322573439602381e-01 1.223384293769310016e+00 2.476814771102970048e-01 -1.442880436178460013e-01
4.707100103863500196e-01 1.202030155291410107e+00 2.617020902283169748e-01 -1.484424833900230001e-01
4.812877634287397455e-01 1.181654643333980070e+00 2.757801461815519994e-01 -1.525884561126620020e-01
4.918655164711295824e-01 1.162740150204760070e+00 2.904644981263940218e-01 -1.567846814477049933e-01
5.024432695135193638e-01 1.147399370582490086e+00 3.066641426257100123e-01 -1.611170067589499932e-01
5.130210225559090897e-01 1.131626082078940110e+00 3.224796490332140220e-01 -1.654493216437200043e-01
5.235987755982988157e-01 1.115801241402750055e+00 3.378285417651479827e-01 -1.697816193149120079e-01
5.759586531581287749e-01 1.055662891724290064e+00 4.137915687153280175e-01 -1.905013257739880117e-01
6.283185307179586232e-01 1.033112548898909910e+00 4.867552850899100059e-01 -2.099631391131709934e-01
6.806784082777884715e-01 1.019376161212639964e+00 5.631525504034979868e-01 -2.292012076050690128e-01
7.330382858376184307e-01 1.013203009363859985e+00 6.408969635434810241e-01 -2.465395662333479954e-01
7.853981633974482790e-01 1.009486419251210076e+00 7.195927779144639658e-01 -2.624618284860060213e-01
8.377580409572782383e-01 9.648586754410809485e-01 7.985955231458989889e-01 -2.783840617611140211e-01
8.901179185171080865e-01 9.162601001551580193e-01 8.765790469759440207e-01 -2.936185736799549750e-01
9.424777960769379348e-01 8.656421893273500423e-01 9.531005789001329997e-01 -3.084996455148700245e-01
9.948376736367678941e-01 8.113102234441790239e-01 1.027776360113449972e+00 -3.231145799886239733e-01
1.047197551196597631e+00 7.512347243459419621e-01 1.098237858230439956e+00 -3.375167183002060201e-01
1.099557428756427591e+00 6.873389349789199576e-01 1.164789485163550076e+00 -3.514507074372449913e-01
1.151917306316257550e+00 6.200752939889310200e-01 1.227331356619469904e+00 -3.651506213501189979e-01
1.204277183876087287e+00 5.491662479341720138e-01 1.284732527886170095e+00 -3.788505345106240041e-01
1.256637061435917246e+00 4.744504845509410207e-01 1.334556082039439984e+00 -3.914564221337230032e-01
1.308996938995747206e+00 3.977168171523680074e-01 1.378677092057690068e+00 -4.038151906510790146e-01
1.361356816555576943e+00 3.192578325070560274e-01 1.416885537328359979e+00 -4.159312501859380173e-01
1.413716694115406902e+00 2.392677803674959913e-01 1.446374838564669973e+00 -4.273108296549880114e-01
1.466076571675236861e+00 1.590149776662070080e-01 1.467668383542390043e+00 -4.377629890281379832e-01
1.518436449235066599e+00 7.913657365438639402e-02 1.482167450808139941e+00 -4.479253248191599757e-01
1.570796326794896558e+00 3.099929474156380004e-10 1.489786163593959989e+00 -4.580876546427309903e-01
1.623156204354726517e+00 -5.539560189020249770e-02 1.482167450762490013e+00 -4.629876667016349923e-01
1.675516081914556477e+00 -1.113104845183350011e-01 1.467668383491750106e+00 -4.678876662274750187e-01
1.727875959474386214e+00 -1.674874458185769965e-01 1.446374838795750017e+00 -4.721213862009149831e-01
1.780235837034216173e+00 -2.234804823162689913e-01 1.416885537559350094e+00 -4.742230351689449841e-01
1.832595714594046132e+00 -2.784017722267190242e-01 1.378677091898280027e+00 -4.746315585637549961e-01
1.884955592153875870e+00 -3.321153394316609941e-01 1.334556081810049921e+00 -4.744627347019220176e-01
1.937315469713705829e+00 -3.844163732304289871e-01 1.284732528260309925e+00 -4.736858945029390200e-01
1.989675347273535788e+00 -4.340527061552300059e-01 1.227331356199760082e+00 -4.702173264142859854e-01
2.042035224833365525e+00 -4.811372545490710251e-01 1.164789485074039899e+00 -4.667486747646300005e-01
2.094395102393195263e+00 -5.258643069065620512e-01 1.098237858457669969e+00 -4.630274559125739930e-01
2.146754979953025444e+00 -5.679171568569080231e-01 1.027776359366290082e+00 -4.588010719009770200e-01
2.199114857512855181e+00 -6.059495324570030039e-01 9.531005790429329938e-01 -4.543447213339220081e-01
2.251474735072684918e+00 -6.413820698453920333e-01 8.765790475850879782e-01 -4.504804790195390263e-01
2.303834612632515100e+00 -6.754010726443729906e-01 7.985955235568370503e-01 -4.474502736573029993e-01
2.356194490192344837e+00 -7.066404937434489497e-01 7.195927772328859495e-01 -4.460389410078199890e-01
2.408554367752174574e+00 -7.354921065566369931e-01 6.408969635380959984e-01 -4.445903816224969773e-01
2.460914245312004756e+00 -7.632661779112059897e-01 5.631525505495980077e-01 -4.452877988620079774e-01
2.513274122871834493e+00 -7.903944345016580275e-01 4.867552843155970033e-01 -4.472960267806619927e-01
2.565634000431664230e+00 -8.187597715074560467e-01 4.137915689504290118e-01 -4.493237756812930028e-01
2.617993877991494411e+00 -7.764402709777570299e-01 3.434155657756239877e-01 -4.492274834166419817e-01
2.670353755551324149e+00 -6.987962437925210324e-01 2.778162426033010113e-01 -4.284976858584830239e-01
2.722713633111153886e+00 -6.211522166072860340e-01 2.172827751114000117e-01 -4.057047395011740276e-01
2.775073510670984067e+00 -5.435081894220500365e-01 1.620809552693469879e-01 -3.829098091748839860e-01
2.827433388230813804e+00 -4.658641622368149826e-01 1.131994653646769960e-01 -4.002488437929879739e-01
2.879793265790643542e+00 -3.882201350515789851e-01 7.088473098523420668e-02 -4.376555274751969815e-01
2.932153143350473723e+00 -3.105761078663429875e-01 3.569680136946049714e-02 -4.750622111574059891e-01
2.984513020910303460e+00 -2.329320806811069899e-01 2.292620433546119912e-02 -4.499999988245669824e-01
3.036872898470133197e+00 -1.552880534958719916e-01 1.706808793148410081e-02 -2.999999986531680096e-01
3.089232776029963379e+00 -7.764402733012400193e-02 1.344236970905140008e-02 -1.500000004513090124e-01
3.141592653589793116e+00 0.000000000000000000e+00 1.208322408875030056e-02 0.000000000000000000e+00
