# Angle of attack [rad] 	 Lift coefficient [-] 	 Drag coefficient [-] 	 Moment coefficient [-]
-3.141592653589793116e+00 0.000000000000000000e+00 3.718234864942240175e-02 0.000000000000000000e+00
-3.089232776029963379e+00 9.423319102970309502e-02 3.832659556782980204e-02 1.199999329390999958e-01
-3.036872898470133197e+00 1.884665340090639907e-01 4.137860799226859843e-02 2.399998674090919881e-01
-2.984513020910303460e+00 2.827003945595940038e-01 4.630845605589180292e-02 3.600004630687749785e-01
-2.932153143350473723e+00 3.769379738903059773e-01 5.400314362257790241e-02 4.043827340911089752e-01
-2.879793265790643542e+00 4.711664820410569887e-01 7.522881521418059436e-02 4.109563242310440012e-01
-2.827433388230813804e+00 5.654049212513370115e-01 1.122078896401940001e-01 4.175306056009570055e-01
-2.775073510670984067e+00 6.596239116309770001e-01 1.552776129045239928e-01 4.295381458571579936e-01
-2.722713633111153886e+00 7.538462057559589535e-01 2.037625931067479912e-01 4.524196405709779989e-01
-2.670353755551324149e+00 8.480409492077159994e-01 2.567662604895329936e-01 4.752989219055819836e-01
-2.617993877991494411e+00 9.421876465479780416e-01 3.140640185607350143e-01 4.950370761645440099e-01
-2.565634000431664230e+00 9.841924321945090259e-01 3.754065271458529862e-01 4.833630967147750090e-01
-2.513274122871834493e+00 9.219471734448270173e-01 4.389003527222810064e-01 4.685436846639279840e-01
-2.460914245312004756e+00 8.673136142213120348e-01 5.052787757341480335e-01 4.541671508839449922e-01
-2.408554367752174574e+00 8.154150776383569665e-01 5.727423199309249480e-01 4.434358074485100221e-01
-2.356194490192344837e+00 7.655999879030389588e-01 6.409554272124039498e-01 4.354215492544549759e-01
-2.303834612632515100e+00 7.171347949974660185e-01 7.093550962492679579e-01 4.274073982657299875e-01
-2.251474735072684918e+00 6.687769245142000107e-01 7.767915062980219609e-01 4.232913808702810088e-01
-2.199114857512855181e+00 6.201147500780620492e-01 8.428934376342469559e-01 4.211787607474429818e-01
-2.146754979953025444e+00 5.709556032623960276e-01 9.073313391984150211e-01 4.205339649250460221e-01
-2.094395102393195263e+00 5.206451761695709557e-01 9.680306462591310446e-01 4.202817689967400239e-01
-2.042035224833365525e+00 4.694697547902270118e-01 1.025274088825230079e+00 4.208932815808559824e-01
-1.989675347273535788e+00 4.175445226532150111e-01 1.078980065257699961e+00 4.219366323487799830e-01
-1.937315469713705829e+00 3.648259987465160004e-01 1.128162176951460038e+00 4.229799840028509728e-01
-1.884955592153875870e+00 3.114707820069109734e-01 1.170693789318689948e+00 4.227276121255120200e-01
-1.832595714594046132e+00 2.579855984895920162e-01 1.208222811666100016e+00 4.221825626972540157e-01
-1.780235837034216173e+00 2.045294975682220018e-01 1.240568213202769998e+00 4.212848101146959845e-01
-1.727875959474386214e+00 1.515912345438049924e-01 1.265280212768159940e+00 4.191232553224950030e-01
-1.675516081914556477e+00 9.974874784137019446e-02 1.282821717468330069e+00 4.153702357870490136e-01
-1.623156204354726517e+00 4.914561895605239900e-02 1.294419489480820085e+00 4.111198980958220006e-01
-1.570796326794896558e+00 -2.046703982458449924e-10 1.299999947745730022e+00 4.068695662077450037e-01
-1.518436449235066599e+00 -4.914561867193469741e-02 1.294419489511630106e+00 3.977200524712429797e-01
-1.466076571675236861e+00 -9.974874770852590333e-02 1.282821717508850101e+00 3.885705608111559850e-01
-1.413716694115406902e+00 -1.515912349601560016e-01 1.265280212575579988e+00 3.790377526074339976e-01
-1.361356816555576943e+00 -2.045294979824930082e-01 1.240568213013010013e+00 3.682782666487520173e-01
-1.308996938995747206e+00 -2.579855982739139852e-01 1.208222811805170105e+00 3.565446676410040094e-01
-1.256637061435917246e+00 -3.114707817565570136e-01 1.170693789518340022e+00 3.445545089477780043e-01
-1.204277183876087287e+00 -3.648259990686409937e-01 1.128162176634520009e+00 3.323702593678060091e-01
-1.151917306316257550e+00 -4.175445221822209896e-01 1.078980065614350004e+00 3.193266323683380259e-01
-1.099557428756427591e+00 -4.694697545693780061e-01 1.025274088892349944e+00 3.062830484946449938e-01
-1.047197551196597631e+00 -5.206451761192140149e-01 9.680306460458310003e-01 2.933167601996510276e-01
-9.948376736367678941e-01 -5.709556025789970235e-01 9.073313398300449917e-01 2.805015456727140144e-01
-9.424777960769379348e-01 -6.201147500862199680e-01 8.428934375071589491e-01 2.677561907354030213e-01
-8.901179185171080865e-01 -6.687769248715720316e-01 7.767915057762589948e-01 2.551032767963620218e-01
-8.377580409572782383e-01 -7.171347952494460110e-01 7.093550959018749547e-01 2.425733948162510090e-01
-7.853981633974482790e-01 -7.655999874846569631e-01 6.409554278113049897e-01 2.302828977964460067e-01
-7.330382858376184307e-01 -8.529150776348679575e-01 5.727423199447200242e-01 2.179924005830279898e-01
-6.806784082777884715e-01 -9.423136143233089568e-01 5.052787756164800470e-01 1.874694300828450011e-01
-6.283185307179586232e-01 -1.034447172782620106e+00 4.389003534059819911e-01 1.324689622569109881e-01
-5.759586531581287749e-01 -1.134192432393289929e+00 3.754065269549369810e-01 7.447723762973849915e-02
-5.235987755982988157e-01 -1.246436823742349986e+00 2.795941283051749937e-01 4.364418168672640208e-02
-5.130210225559090897e-01 -1.270342409895129920e+00 2.569670710823089843e-01 4.015025724843720306e-02
-5.024432695135193638e-01 -1.294259198448999948e+00 2.343448727754479932e-01 3.665633281014789996e-02
-4.918655164711295824e-01 -1.318181018394920079e+00 2.117227961110449974e-01 3.316240837185870094e-02
-4.812877634287397455e-01 -1.324423031012089913e+00 1.995702453303450086e-01 3.005290982942580152e-02
-4.707100103863500196e-01 -1.323091340062670040e+00 1.919046334062780024e-01 2.710816520960769929e-02
-4.601322573439602381e-01 -1.321764245284360095e+00 1.842460340110090022e-01 2.416342058978970114e-02
-4.495545043015704567e-01 -1.320441403654079915e+00 1.765870509530640120e-01 2.121867596997159891e-02
-4.389767512591789544e-01 -1.319122505432370085e+00 1.689274684341519894e-01 1.827393135015360076e-02
-4.283989982167891730e-01 -1.312125452037840034e+00 1.612673338876549900e-01 1.532918673033550026e-02
-4.178212451743993916e-01 -1.303041925262889977e+00 1.536958707771829968e-01 1.244406534248499938e-02
-4.072434921320096657e-01 -1.292198129334410028e+00 1.469268174427499907e-01 1.009555331213480081e-02
-3.966657390896198843e-01 -1.281357650003490001e+00 1.401577626297690060e-01 7.747041281784630001e-03
-3.860879860472301028e-01 -1.270520696856390019e+00 1.333887061344249947e-01 5.398529251434460059e-03
-3.755102330048403769e-01 -1.252424706901640095e+00 1.266196477237860052e-01 3.048668585080000111e-03
-3.649324799624505400e-01 -1.230386765345240052e+00 1.198505871298049946e-01 6.970883259218489756e-04
-3.543547269200608141e-01 -1.208348823788850002e+00 1.130815240418349965e-01 -1.654206185780900075e-03
-3.437769738776710327e-01 -1.185678943876899982e+00 1.070945191641909933e-01 -3.529375123959629847e-03
-3.331992208352812512e-01 -1.162377091723270084e+00 1.018899352620849935e-01 -4.920530925118310299e-03
-3.226214677928914698e-01 -1.139075307087400013e+00 9.668492508856399437e-02 -6.311807301357770343e-03
-3.120437147505017439e-01 -1.115375657620969907e+00 9.152041647741469832e-02 -7.646273816721620327e-03
-3.014659617081119070e-01 -1.090084803724779894e+00 8.651659956387569572e-02 -8.754304625887790459e-03
-2.908882086657221810e-01 -1.064793951306109987e+00 8.151279370754289932e-02 -9.862183428747419572e-03
-2.803104556233323996e-01 -1.039503060393750067e+00 7.650920966771579401e-02 -1.096990205954959975e-02
-2.697327025809426182e-01 -1.016501136160919971e+00 7.180038141872080448e-02 -1.147156134961779990e-02
-2.591549495385511159e-01 -9.937535272705639855e-01 6.712439341564249706e-02 -1.190587839184139955e-02
-2.485771964961613345e-01 -9.710058958564490306e-01 6.244851785033579683e-02 -1.233996182390990036e-02
-2.379994434537715531e-01 -9.494100333659799551e-01 5.800933098350050110e-02 -1.238235689347260034e-02
-2.274216904113817994e-01 -9.285820284061130359e-01 5.372790157191700139e-02 -1.216280889888949994e-02
-2.168439373689920457e-01 -9.077539824803989577e-01 4.944663532840880282e-02 -1.194375357809410003e-02
-2.062661843266022643e-01 -8.871648803497049762e-01 4.535833297256820079e-02 -1.170340495700080037e-02
-1.956884312842125107e-01 -8.671244264608539698e-01 4.172056174919609728e-02 -1.141319272732609948e-02
-1.851106782418227292e-01 -8.471071460792489738e-01 3.808265217435719691e-02 -1.111893533384399925e-02
-1.745329251994329478e-01 -8.270951014165559556e-01 3.444476147341209854e-02 -1.082067782290500012e-02
-1.639551721570429998e-01 -7.730659198363940554e-01 3.173659846866710293e-02 -1.593371534633690120e-02
-1.533774191146532462e-01 -7.190170826309120189e-01 2.902828229383869890e-02 -2.104676072839569909e-02
-1.427996660722632982e-01 -6.649599973542830167e-01 2.631981180617910115e-02 -2.615981054416999935e-02
-1.322219130298735168e-01 -5.951497242545410460e-01 2.433063438826010144e-02 -3.265188688406740064e-02
-1.216441599874835688e-01 -5.185796856114259779e-01 2.264972625328719874e-02 -3.973497618158820105e-02
-1.110664069450936348e-01 -4.420072546182109985e-01 2.096877289603099950e-02 -4.681806660323129671e-02
-1.004886539027038533e-01 -3.639124386341279771e-01 1.954662380469019897e-02 -5.354226997345420264e-02
-8.991090086031391926e-02 -2.835285556095599735e-01 1.851269377482910039e-02 -5.972815040481369714e-02
-7.933314781792397130e-02 -2.031473366905399980e-01 1.747872780499019896e-02 -6.591402798656820217e-02
-6.875539477553420376e-02 -1.219317170454539967e-01 1.650368337196099836e-02 -7.209667823956980581e-02
-5.817764173314425580e-02 -3.318317255418209988e-02 1.605924931111829893e-02 -7.825030832692249361e-02
-4.759988869075449519e-02 5.555965711210070213e-02 1.561480971027819943e-02 -8.440270936850630124e-02
-3.702213564836454723e-02 1.442974863631739935e-01 1.517036132862800007e-02 -9.055323959231989517e-02
-2.644438260597477622e-02 2.343845625043320113e-01 1.493606205058170024e-02 -9.634516342516369347e-02
-1.586662956358486296e-02 3.247403746099060129e-01 1.477048356792549921e-02 -1.019809390397559967e-01
-5.288876521194919335e-03 4.146079916678779842e-01 1.469659238353190032e-02 -1.072492970512869959e-01
5.288876521194919335e-03 5.038901855144930497e-01 1.466407515241350060e-02 -1.122713525206689988e-01
1.586662956358486296e-02 5.925869564798660338e-01 1.467293067925179960e-02 -1.170471053093229963e-01
2.644438260597477622e-02 6.799224262906640170e-01 1.475152825330599930e-02 -1.213723591156059961e-01
3.702213564836454723e-02 7.666974591702480080e-01 1.485562525876820035e-02 -1.255214465172150018e-01
4.759988869075449519e-02 8.521916762630840081e-01 1.501249174251009962e-02 -1.292838670612919960e-01
5.817764173314425580e-02 9.367947503434319589e-01 1.520600746761680000e-02 -1.328126218598039976e-01
6.875539477553420376e-02 1.020668707968539923e+00 1.542950598184920051e-02 -1.361501947365839904e-01
7.933314781792415171e-02 1.102910279480830091e+00 1.571757970512310115e-02 -1.391103138509889869e-01
8.991090086031391926e-02 1.184463591126760029e+00 1.603228862556229858e-02 -1.419203114187130021e-01
1.004886539027038533e-01 1.264496250848510028e+00 1.640537845328729830e-02 -1.444057641760480015e-01
1.110664069450938152e-01 1.343018396276040027e+00 1.683493494276510141e-02 -1.466181261270829983e-01
1.216441599874835688e-01 1.420533532780940078e+00 1.730212879817150107e-02 -1.486484274138920036e-01
1.322219130298733503e-01 1.494826873838499992e+00 1.790156791336959888e-02 -1.501461541945650069e-01
1.427996660722632982e-01 1.567650790073690015e+00 1.856675855187690100e-02 -1.514376679070330023e-01
1.533774191146532462e-01 1.637441721051190013e+00 1.936912673320519834e-02 -1.523134250867730077e-01
1.639551721570429998e-01 1.703466250138909954e+00 2.038749078942250076e-02 -1.528102121961449900e-01
1.745329251994329478e-01 1.767462706368069902e+00 2.152209627382839843e-02 -1.531029373059309973e-01
1.851106782418227292e-01 1.822013270314319922e+00 2.331818188402060010e-02 -1.527647543541729991e-01
1.956884312842125107e-01 1.871191455149229910e+00 2.559336782812820024e-02 -1.522608978033380134e-01
2.062661843266022643e-01 1.910286412051849902e+00 2.875792892785159968e-02 -1.514493731024479928e-01
2.168439373689920457e-01 1.938702095167089912e+00 3.312359994435930266e-02 -1.505640318983020032e-01
2.274216904113817994e-01 1.961668248146299920e+00 3.807828686679400054e-02 -1.495695123467850052e-01
2.379994434537715531e-01 1.967542545465730042e+00 4.447273801782099939e-02 -1.471016343519359892e-01
2.485771964961613345e-01 1.976582286327049909e+00 5.076456265195439937e-02 -1.451256333655130126e-01
2.591549495385511159e-01 1.990353138723299997e+00 5.690371943918560299e-02 -1.438874501845809895e-01
2.697327025809426182e-01 1.996509381169869979e+00 6.368673307408409534e-02 -1.423824499096399965e-01
2.803104556233323996e-01 1.997644702857009902e+00 7.094650692265110081e-02 -1.408314796900879962e-01
2.908882086657221810e-01 1.976505647745659955e+00 8.056246129357269581e-02 -1.396672363534000039e-01
3.014659617081119070e-01 1.955386297364809955e+00 9.017642895966909711e-02 -1.385029943417699916e-01
3.120437147505017439e-01 1.934234278519670003e+00 9.979149393881260599e-02 -1.373387523836769875e-01
3.226214677928914698e-01 1.911100664789840087e+00 1.108008783424629939e-01 -1.380065058262940070e-01
3.331992208352812512e-01 1.887480681870469912e+00 1.221575343576919992e-01 -1.391322593545540054e-01
3.437769738776710327e-01 1.863860691118389923e+00 1.335139995781129962e-01 -1.402580141707210071e-01
3.543547269200608141e-01 1.833987695026239928e+00 1.445577688482380108e-01 -1.420410427830670064e-01
3.649324799624505400e-01 1.814822532246550102e+00 1.552886208067540130e-01 -1.444813430576790125e-01
3.755102330048403769e-01 1.795657385150859930e+00 1.660182235976329912e-01 -1.469216447595360076e-01
3.860879860472301028e-01 1.776492261111010107e+00 1.767456120150689980e-01 -1.493619480879460060e-01
3.966657390896198843e-01 1.757327152667689907e+00 1.874760387964100050e-01 -1.518022528035530005e-01
4.072434921320096657e-01 1.738162048526030068e+00 1.982131435196639868e-01 -1.542425579983610073e-01
4.178212451743993916e-01 1.718996944958490092e+00 2.089502480335949930e-01 -1.566828645955889998e-01
4.283989982167891730e-01 1.714524945222750008e+00 2.198392668643049941e-01 -1.600440354895190098e-01
4.389767512591789544e-01 1.709791545223539933e+00 2.307451718516149997e-01 -1.635075277707929986e-01
4.495545043015704567e-01 1.699376318035000111e+00 2.416510793707669913e-01 -1.669710211565219871e-01
4.601322573439602381e-01 1.688961089993809894e+00 2.525569874079189869e-01 -1.704345142438190019e-01
4.707100103863500196e-01 1.678545862514609910e+00 2.634628950963949778e-01 -1.738980070284660007e-01
4.812877634287397455e-01 1.668130635400910000e+00 2.743688026450599726e-01 -1.773614994010309920e-01
4.918655164711295824e-01 1.657960735063209956e+00 2.852865283703889809e-01 -1.807716733820290134e-01
5.024432695135193638e-01 1.648450513013210106e+00 2.962318298386810156e-01 -1.840574384584690026e-01
5.130210225559090897e-01 1.638986414364969946e+00 3.071771318254190031e-01 -1.873432033872229896e-01
5.235987755982988157e-01 1.629484866611770055e+00 3.181224375547669903e-01 -1.906289624135329985e-01
5.759586531581287749e-01 1.555989166715870065e+00 3.754065586530260235e-01 -2.069306581790510136e-01
6.283185307179586232e-01 1.429567371443819956e+00 4.389003726880800205e-01 -2.233067517574849892e-01
6.806784082777884715e-01 1.314019434376670015e+00 5.052787895166810372e-01 -2.393275693558589989e-01
7.330382858376184307e-01 1.202378673567499945e+00 5.727423301944479794e-01 -2.524528805634390083e-01
7.853981633974482790e-01 1.093714262500649959e+00 6.409554339067899953e-01 -2.634198885217899910e-01
8.377580409572782383e-01 1.024478276912059949e+00 7.093550982990820541e-01 -2.743868961909959880e-01
8.901179185171080865e-01 9.553956069928669637e-01 7.767915057762589948e-01 -2.847675855537720180e-01
9.424777960769379348e-01 8.858782145628829596e-01 8.428934375071589491e-01 -2.948469466541789874e-01
9.948376736367678941e-01 8.156508611018590260e-01 9.073313398300459909e-01 -3.047089340888580189e-01
1.047197551196597631e+00 7.437788234208959626e-01 9.680306460458319995e-01 -3.145799926153030057e-01
1.099557428756427591e+00 6.706710782511310365e-01 1.025274088892349944e+00 -3.244707032850869810e-01
1.151917306316257550e+00 5.964921747406289887e-01 1.078980065614350004e+00 -3.343676131147910180e-01
1.204277183876087287e+00 5.211799987631480224e-01 1.128162176634520009e+00 -3.442648745862080251e-01
1.256637061435917246e+00 4.449582597190470112e-01 1.170693789518340022e+00 -3.538801644763430176e-01
1.308996938995747206e+00 3.685508547538169921e-01 1.208222811805170105e+00 -3.634318993949819943e-01
1.361356816555576943e+00 2.921849972046040023e-01 1.240568213013010013e+00 -3.728790730892609928e-01
1.413716694115406902e+00 2.165589071689690004e-01 1.265280212575579988e+00 -3.818836599079259986e-01
1.466076571675236861e+00 1.424982110647479983e-01 1.282821717508850101e+00 -3.903308096245349801e-01
1.518436449235066599e+00 7.020802669839999732e-02 1.294419489511630106e+00 -3.986038652753809974e-01
1.570796326794896558e+00 2.836849715301439869e-10 1.299999947745730022e+00 -4.068770353290629971e-01
1.623156204354726517e+00 -4.914561895844309775e-02 1.294419489480820085e+00 -4.111278998322099865e-01
1.675516081914556477e+00 -9.974874784506120029e-02 1.282821717468330069e+00 -4.153787692190760161e-01
1.727875959474386214e+00 -1.515912345488180102e-01 1.265280212768159940e+00 -4.191323975229049870e-01
1.780235837034216173e+00 -2.045294975735529874e-01 1.240568213202769998e+00 -4.212942868484549908e-01
1.832595714594046132e+00 -2.579855984949520065e-01 1.208222811666100016e+00 -4.221923089644190052e-01
1.884955592153875870e+00 -3.114707820122979975e-01 1.170693789318689948e+00 -4.227376503795640117e-01
1.937315469713705829e+00 -3.648259987286009975e-01 1.128162176951460038e+00 -4.229901865469949951e-01
1.989675347273535788e+00 -4.175445225648469760e-01 1.078980065257699961e+00 -4.219467002427290114e-01
2.042035224833365525e+00 -4.694697546315659831e-01 1.025274088825230079e+00 -4.209032188333289848e-01
2.094395102393195263e+00 -5.206451759416069747e-01 9.680306462591310446e-01 -4.202912911794620121e-01
2.146754979953025444e+00 -5.709556031037530399e-01 9.073313391984150211e-01 -4.205428565865059753e-01
2.199114857512855181e+00 -6.201147499898429505e-01 8.428934376342469559e-01 -4.211868027566509909e-01
2.251474735072684918e+00 -6.687769244962590287e-01 7.767915062980209617e-01 -4.232981860273949959e-01
2.303834612632515100e+00 -7.171347950027630036e-01 7.093550962492679579e-01 -4.274131374475140244e-01
2.356194490192344837e+00 -7.655999879082320270e-01 6.409554272124039498e-01 -4.354256721583070200e-01
2.408554367752174574e+00 -8.154150776436389636e-01 5.727423199309249480e-01 -4.434385971026009732e-01
2.460914245312004756e+00 -8.673136142264370463e-01 5.052787757341470343e-01 -4.541688262512800223e-01
2.513274122871834493e+00 -9.219471734492310500e-01 4.389003527222810064e-01 -4.685445343347530156e-01
2.565634000431664230e+00 -9.841924321990850322e-01 3.754065271458529862e-01 -4.833637912158840200e-01
2.617993877991494411e+00 -9.421876465479780416e-01 3.140640185607350143e-01 -4.950377682190110207e-01
2.670353755551324149e+00 -8.480399420462959581e-01 2.567656793474640264e-01 -4.753082553133909927e-01
2.722713633111153886e+00 -7.538437461653110239e-01 2.037612656201150119e-01 -4.524265688980579903e-01
2.775073510670984067e+00 -6.596291042535019633e-01 1.552802047644279981e-01 -4.295440634235520028e-01
2.827433388230813804e+00 -5.653997748311400118e-01 1.122057881420270020e-01 -4.375331249409529777e-01
2.879793265790643542e+00 -4.711664770862140084e-01 7.522881521418070538e-02 -4.609574024380609925e-01
2.932153143350473723e+00 -3.769331793409029796e-01 5.400254818902130299e-02 -4.843825047752829960e-01
2.984513020910303460e+00 -2.826998677108920055e-01 4.630842659272949718e-02 -4.499997542079259838e-01
3.036872898470133197e+00 -1.884665280025299983e-01 4.137860799226859843e-02 -2.999998341823740255e-01
3.089232776029963379e+00 -9.423318794844799673e-02 3.832659556782980204e-02 -1.499999161173309892e-01
3.141592653589793116e+00 0.000000000000000000e+00 3.718234864942240175e-02 0.000000000000000000e+00
