# Angle of attack [rad] 	 Lift coefficient [-] 	 Drag coefficient [-] 	 Moment coefficient [-]
-3.141592653589793116e+00 0.000000000000000000e+00 3.398271878023340076e-02 0.000000000000000000e+00
-3.089232776029963379e+00 9.260808153909480533e-02 3.513619101333759903e-02 1.200000003610469934e-01
-3.036872898470133197e+00 1.852132297919439896e-01 3.821360385491900241e-02 2.399999989225340136e-01
-2.984513020910303460e+00 2.778189210478759774e-01 4.318731430428709994e-02 3.600006586823850108e-01
-2.932153143350473723e+00 3.704289204006799840e-01 5.107705013782100345e-02 4.043600854201139794e-01
-2.879793265790643542e+00 4.630302981819630070e-01 7.272606198985709369e-02 4.108993830492890242e-01
-2.827433388230813804e+00 5.556414633352819710e-01 1.099592745661199938e-01 4.174393699731280272e-01
-2.775073510670984067e+00 6.483134434728270445e-01 1.532897562540140035e-01 4.293818147064319968e-01
-2.722713633111153886e+00 7.412892739393229791e-01 2.018175480908460107e-01 4.521340636168419969e-01
-2.670353755551324149e+00 8.346221237875880439e-01 2.548690693967750054e-01 4.748808271504890155e-01
-2.617993877991494411e+00 9.289175593716370027e-01 3.122199829582810171e-01 4.945267056192270139e-01
-2.565634000431664230e+00 9.718467877451529846e-01 3.736214312967779949e-01 4.831815330879969950e-01
-2.513274122871834493e+00 9.113356081143619836e-01 4.371776963472109867e-01 4.689370657218540073e-01
-2.460914245312004756e+00 8.581357694728629637e-01 5.036247783155830549e-01 4.553545654174209756e-01
-2.408554367752174574e+00 8.075207883992400193e-01 5.711608009917720219e-01 4.452693428088960181e-01
-2.356194490192344837e+00 7.588526059734459484e-01 6.394501169088120385e-01 4.377915032860489886e-01
-2.303834612632515100e+00 7.113843296026870489e-01 7.079306546661680022e-01 4.303115347394489976e-01
-2.251474735072684918e+00 6.639012399263920505e-01 7.754522508859970076e-01 4.265554774265369886e-01
-2.199114857512855181e+00 6.160306334419519692e-01 8.416424785446260382e-01 4.247130453709460074e-01
-2.146754979953025444e+00 5.675851663521469526e-01 9.061716722182160400e-01 4.242355633636660239e-01
-2.094395102393195263e+00 5.178833222686599624e-01 9.669664593983600120e-01 4.239710111712530205e-01
-2.042035224833365525e+00 4.672509170920520205e-01 1.024308002740710100e+00 4.245556949337659924e-01
-1.989675347273535788e+00 4.158102859758309733e-01 1.078114342314020035e+00 4.255559335248970121e-01
-1.937315469713705829e+00 3.635122913409919998e-01 1.127399227091979927e+00 4.265594487278009939e-01
-1.884955592153875870e+00 3.105021154340180112e-01 1.170036201017669919e+00 4.262165474559069800e-01
-1.832595714594046132e+00 2.573126764494410024e-01 1.207672061374940098e+00 4.255691607144559963e-01
-1.780235837034216173e+00 2.041039000183139940e-01 1.240125632262119915e+00 4.245611047820210260e-01
-1.727875959474386214e+00 1.513479896051879992e-01 1.264947286320089903e+00 4.222767351986549955e-01
-1.675516081914556477e+00 9.963168055746740581e-02 1.282599343481370058e+00 4.183859111810609988e-01
-1.623156204354726517e+00 4.910953974935219901e-02 1.294308154158100077e+00 4.139940407547569867e-01
-1.570796326794896558e+00 -1.923149441524339971e-10 1.299999999977700105e+00 4.096038924137990200e-01
-1.518436449235066599e+00 -4.910953945490900002e-02 1.294308154192219895e+00 4.002328917990299884e-01
-1.466076571675236861e+00 -9.963168041856790280e-02 1.282599343523020075e+00 3.908638646803029859e-01
-1.413716694115406902e+00 -1.513479900184979965e-01 1.264947286125629899e+00 3.811158281421039851e-01
-1.361356816555576943e+00 -2.041039004316239913e-01 1.240125632067659911e+00 3.701246888257629930e-01
-1.308996938995747206e+00 -2.573126762352420105e-01 1.207672061510510098e+00 3.581077191565559814e-01
-1.256637061435917246e+00 -3.105021151856600103e-01 1.170036201213870086e+00 3.458302711701269905e-01
-1.204277183876087287e+00 -3.635122916818300243e-01 1.127399226770779972e+00 3.333532484365799853e-01
-1.151917306316257550e+00 -4.158102855933880071e-01 1.078114342674429960e+00 3.199947445061929741e-01
-1.099557428756427591e+00 -4.672509170212489904e-01 1.024308002817770014e+00 3.066353799767910226e-01
-1.047197551196597631e+00 -5.178833224289179915e-01 9.669664592023350380e-01 2.933424611246460145e-01
-9.948376736367678941e-01 -5.675851658250270493e-01 9.061716728629839457e-01 2.803534673171200198e-01
-9.424777960769379348e-01 -6.160306335342280448e-01 8.416424784211989918e-01 2.674258102169440043e-01
-8.901179185171080865e-01 -6.639012402984200145e-01 7.754522503587749638e-01 2.545771462052129896e-01
-8.377580409572782383e-01 -7.113843298495260425e-01 7.079306543100629678e-01 2.418400999567930088e-01
-7.853981633974482790e-01 -7.588526055637979661e-01 6.394501174997949677e-01 2.293261442958330065e-01
-7.330382858376184307e-01 -8.450207883958880117e-01 5.711608009964459498e-01 2.168099061245070125e-01
-6.806784082777884715e-01 -9.331357695736309799e-01 5.036247781885779817e-01 1.868729213068990036e-01
-6.283185307179586232e-01 -1.023835607472600051e+00 4.371776970212660207e-01 1.342195451266350037e-01
-5.759586531581287749e-01 -1.121846787940260048e+00 3.736214310918479775e-01 7.822938114953939537e-02
-5.235987755982988157e-01 -1.253756283511650027e+00 2.790611492138669880e-01 4.738389008750230197e-02
-5.130210225559090897e-01 -1.286257271549440029e+00 2.569557542278689821e-01 4.385734481754129804e-02
-5.024432695135193638e-01 -1.318535967004939913e+00 2.345784216791700072e-01 4.033151846496749876e-02
-4.918655164711295824e-01 -1.350714815661850032e+00 2.122121108625049934e-01 3.680648247963919789e-02
-4.812877634287397455e-01 -1.359862529972839962e+00 1.998979718401779904e-01 3.364211146752330017e-02
-4.707100103863500196e-01 -1.354959101987420089e+00 1.919149590708940090e-01 3.063266726068419876e-02
-4.601322573439602381e-01 -1.349462907187300109e+00 1.835701578852899918e-01 2.762400340698629997e-02
-4.495545043015704567e-01 -1.343380923437810015e+00 1.752240822946160015e-01 2.461622696710780156e-02
-4.389767512591789544e-01 -1.336719451322700092e+00 1.668899055758570060e-01 2.160946552454750050e-02
-4.283989982167891730e-01 -1.324821640113470034e+00 1.585666862492469964e-01 1.860387235076579882e-02
-4.178212451743993916e-01 -1.310830009208409974e+00 1.504152729939589872e-01 1.568307395260089970e-02
-4.072434921320096657e-01 -1.293044276433799933e+00 1.437234465043349951e-01 1.351752666517300021e-02
-3.966657390896198843e-01 -1.275199221295540086e+00 1.370316544133740044e-01 1.135875832691569942e-02
-3.860879860472301028e-01 -1.257291094110950080e+00 1.303399005490570028e-01 9.207081034589139484e-03
-3.755102330048403769e-01 -1.239798194291799938e+00 1.236481893292259993e-01 7.089599788096580431e-03
-3.649324799624505400e-01 -1.220439676192830003e+00 1.171102694398829941e-01 5.013985772040900277e-03
-3.543547269200608141e-01 -1.201172260856000040e+00 1.106357893919450025e-01 2.885721213612889909e-03
-3.437769738776710327e-01 -1.180921520238179978e+00 1.046482914016090005e-01 1.143838111439530016e-03
-3.331992208352812512e-01 -1.159726023875039980e+00 9.921072810884219717e-02 -3.789107263584729781e-04
-3.226214677928914698e-01 -1.138794625222560031e+00 9.377739122964440233e-02 -1.941149167954740046e-03
-3.120437147505017439e-01 -1.118000259625870019e+00 8.841774667057830661e-02 -3.391821949095969943e-03
-3.014659617081119070e-01 -1.097041223026230083e+00 8.338692666278610388e-02 -4.408450931965820010e-03
-2.908882086657221810e-01 -1.076127283338480067e+00 7.835410203448410493e-02 -5.424693882694900209e-03
-2.803104556233323996e-01 -1.055250388534179962e+00 7.331540927559120069e-02 -6.441317202936869789e-03
-2.697327025809426182e-01 -1.037089987965220006e+00 6.854919809775819606e-02 -6.838855352773820159e-03
-2.591549495385511159e-01 -1.019237766375929999e+00 6.381159024443990024e-02 -7.165422060757519959e-03
-2.485771964961613345e-01 -1.001393224115550096e+00 5.907178009310180139e-02 -7.494491950972469868e-03
-2.379994434537715531e-01 -9.855826306358910216e-01 5.459534518525140101e-02 -7.258248000694919946e-03
-2.274216904113817994e-01 -9.711462359705560488e-01 5.029517971886900141e-02 -6.594298944730139778e-03
-2.168439373689920457e-01 -9.567358267893010249e-01 4.599183033243309932e-02 -6.094589312643830178e-03
-2.062661843266022643e-01 -9.397497435880920458e-01 4.192349194698270082e-02 -6.339575059187329588e-03
-1.956884312842125107e-01 -9.170066035449350172e-01 3.839757518241899981e-02 -7.991325613028050709e-03
-1.851106782418227292e-01 -8.940792941770989710e-01 3.487357481172770335e-02 -9.723291599104309790e-03
-1.745329251994329478e-01 -8.716773105772630537e-01 3.134825226829900113e-02 -1.123240500094110049e-02
-1.639551721570429998e-01 -8.093525152581749760e-01 2.894180683693019923e-02 -1.705703886008719944e-02
-1.533774191146532462e-01 -7.474773367159960324e-01 2.653828956381490065e-02 -2.298870573588079891e-02
-1.427996660722632982e-01 -6.858525905509910148e-01 2.413768528238910069e-02 -2.902030221687409983e-02
-1.322219130298735168e-01 -6.143819136714649964e-01 2.234326707282140168e-02 -3.549077075635700268e-02
-1.216441599874835688e-01 -5.388287245431170325e-01 2.080866482279269958e-02 -4.212303153355249907e-02
-1.110664069450936348e-01 -4.633274223835570083e-01 1.927494422742139987e-02 -4.875556215213149719e-02
-1.004886539027038533e-01 -3.851634193559980157e-01 1.799982132101799956e-02 -5.517433544970769960e-02
-8.991090086031391926e-02 -3.031221931150739901e-01 1.711229131881330037e-02 -6.127437945451769813e-02
-7.933314781792397130e-02 -2.210346631370009862e-01 1.622538966203539851e-02 -6.737947288631179754e-02
-6.875539477553420376e-02 -1.381779328972750076e-01 1.539020708845910065e-02 -7.347457749467449506e-02
-5.817764173314425580e-02 -4.880660080491380087e-02 1.501514829724500018e-02 -7.942770364404390382e-02
-4.759988869075449519e-02 4.064452797097330150e-02 1.464011231834009934e-02 -8.540599122288909661e-02
-3.702213564836454723e-02 1.301675612054319919e-01 1.426513678215669996e-02 -9.127293842200019658e-02
-2.644438260597477622e-02 2.203575351362379864e-01 1.406506030030379994e-02 -9.653740406712839339e-02
-1.586662956358486296e-02 3.101657800862689940e-01 1.392264682094570064e-02 -1.017632716667660059e-01
-5.288876521194919335e-03 3.989282299473039806e-01 1.385944345657419939e-02 -1.066677555802409971e-01
5.288876521194919335e-03 4.870458542990199757e-01 1.383431006248959927e-02 -1.113080661571149987e-01
1.586662956358486296e-02 5.745190084418140275e-01 1.384726298384109967e-02 -1.156936028544190004e-01
2.644438260597477622e-02 6.607045095241970145e-01 1.391745690454749933e-02 -1.196655480207200056e-01
3.702213564836454723e-02 7.463669434506240430e-01 1.400956972264220078e-02 -1.234769131640000017e-01
4.759988869075449519e-02 8.308460324324340451e-01 1.414898477113479998e-02 -1.269436416363909914e-01
5.817764173314425580e-02 9.145059958420389545e-01 1.432091581198340069e-02 -1.302030626631089927e-01
6.875539477553420376e-02 9.974956865912939508e-01 1.451948675068080036e-02 -1.332930767316100051e-01
7.933314781792415171e-02 1.079008380780940080e+00 1.477383383998919983e-02 -1.360538517973919892e-01
8.991090086031391926e-02 1.159916979128529979e+00 1.505041507959310049e-02 -1.386883827408909864e-01
1.004886539027038533e-01 1.239505512329460046e+00 1.537513805209330016e-02 -1.410544111791169897e-01
1.110664069450938152e-01 1.317806398536099932e+00 1.574684942877380145e-02 -1.431893032599730053e-01
1.216441599874835688e-01 1.395245711242520059e+00 1.614992138175029915e-02 -1.451700732139830086e-01
1.322219130298733503e-01 1.469899345286370007e+00 1.665258983619390121e-02 -1.467096878308639940e-01
1.427996660722632982e-01 1.543275396081460027e+00 1.720357453920140153e-02 -1.480703972033209914e-01
1.533774191146532462e-01 1.614016868746120048e+00 1.785540930691960002e-02 -1.490680445070969862e-01
1.639551721570429998e-01 1.681369331457259975e+00 1.865374934765939852e-02 -1.496919710163510109e-01
1.745329251994329478e-01 1.746848609433250044e+00 1.953124950597689979e-02 -1.501144393494079909e-01
1.851106782418227292e-01 1.804384974629130056e+00 2.081436992102090114e-02 -1.499442640142230054e-01
1.956884312842125107e-01 1.856892208577840098e+00 2.237447670254229942e-02 -1.495954749038899967e-01
2.062661843266022643e-01 1.906615808353030017e+00 2.445594054848230017e-02 -1.489161789745639952e-01
2.168439373689920457e-01 1.946960645907720000e+00 2.747441374408849876e-02 -1.480421609733759969e-01
2.274216904113817994e-01 1.981454297314680035e+00 3.101951920986570008e-02 -1.470428430978620027e-01
2.379994434537715531e-01 1.997513117633320068e+00 3.634234239870950262e-02 -1.452215906046369909e-01
2.485771964961613345e-01 2.011478369206249894e+00 4.201004207178900274e-02 -1.436460369401950099e-01
2.591549495385511159e-01 2.021698692951769960e+00 4.816233844438629758e-02 -1.424876984945339931e-01
2.697327025809426182e-01 2.029219076703939972e+00 5.465840787073349832e-02 -1.411708613175070015e-01
2.803104556233323996e-01 2.034145825453160139e+00 6.142186541327999960e-02 -1.398029666556049877e-01
2.908882086657221810e-01 2.022772386399370070e+00 6.956182624655629643e-02 -1.385313753714859930e-01
3.014659617081119070e-01 2.010988481475980194e+00 7.770653078860779994e-02 -1.372589571863049862e-01
3.120437147505017439e-01 1.999884427190949943e+00 8.580036123342510423e-02 -1.359857881780169864e-01
3.226214677928914698e-01 1.972734400812240052e+00 9.606157494896190585e-02 -1.360054089105970088e-01
3.331992208352812512e-01 1.941385057423860028e+00 1.068800405121110020e-01 -1.362954434321730079e-01
3.437769738776710327e-01 1.910035714035480003e+00 1.176860923475119974e-01 -1.365348065820319867e-01
3.543547269200608141e-01 1.884933390698340094e+00 1.287887181214500132e-01 -1.378045201155969901e-01
3.649324799624505400e-01 1.866078086470190023e+00 1.401971702825099975e-01 -1.401343692442469924e-01
3.755102330048403769e-01 1.847222782242029959e+00 1.516182815245629978e-01 -1.424588997228339871e-01
3.860879860472301028e-01 1.828367478013880110e+00 1.630676526670629956e-01 -1.447775100828359862e-01
3.966657390896198843e-01 1.809512173785730038e+00 1.744359126906729895e-01 -1.470895046124010008e-01
4.072434921320096657e-01 1.790656869557579967e+00 1.856432792616279914e-01 -1.493940741452169929e-01
4.178212451743993916e-01 1.771801565329429895e+00 1.971658781876149957e-01 -1.516902719503240016e-01
4.283989982167891730e-01 1.766010200911150019e+00 2.088890766083469908e-01 -1.552747716599049976e-01
4.389767512591789544e-01 1.754367376020419922e+00 2.206340019176520062e-01 -1.590000607534400034e-01
4.495545043015704567e-01 1.737042732947869927e+00 2.323789272269569939e-01 -1.627221652388509965e-01
4.601322573439602381e-01 1.719718089875319933e+00 2.441238525362610101e-01 -1.664409559039929931e-01
4.707100103863500196e-01 1.702393446802769938e+00 2.558687778455659978e-01 -1.701562964506909970e-01
4.812877634287397455e-01 1.685068803730219944e+00 2.676137031548709855e-01 -1.738680430022319923e-01
4.918655164711295824e-01 1.668891125401950060e+00 2.793170080717389814e-01 -1.774500568578900039e-01
5.024432695135193638e-01 1.653657599345280005e+00 2.909231987202829939e-01 -1.807367456294509955e-01
5.130210225559090897e-01 1.638173620354220095e+00 3.025293893688270064e-01 -1.840234131727890021e-01
5.235987755982988157e-01 1.625141660917970077e+00 3.141355800173710189e-01 -1.873100591872939868e-01
5.759586531581287749e-01 1.538352554200379974e+00 3.736214310918479775e-01 -2.037509108117440126e-01
6.283185307179586232e-01 1.414408010675149985e+00 4.371776970212660207e-01 -2.205339481192520046e-01
6.806784082777884715e-01 1.300908242248040025e+00 5.036247781885779817e-01 -2.369544405492599870e-01
7.330382858376184307e-01 1.191101126279840106e+00 5.711608009964469490e-01 -2.504490997638110228e-01
7.853981633974482790e-01 1.084075150805430043e+00 6.394501174997949677e-01 -2.617640640684990028e-01
8.377580409572782383e-01 1.016263328356469930e+00 7.079306543100629678e-01 -2.730769456944789897e-01
8.901179185171080865e-01 9.484303432834569891e-01 7.754522503587749638e-01 -2.837684915595140023e-01
9.424777960769379348e-01 8.800437621917549524e-01 8.416424784211989918e-01 -2.941387805449729997e-01
9.948376736367678941e-01 8.108359511786109586e-01 9.061716728629849449e-01 -3.042737205200499728e-01
1.047197551196597631e+00 7.398333177555960205e-01 9.669664592023350380e-01 -3.143939600986109806e-01
1.099557428756427591e+00 6.675013100303559543e-01 1.024308002817770014e+00 -3.244993095075560108e-01
1.151917306316257550e+00 5.940146937048389475e-01 1.078114342674429960e+00 -3.347925862859730262e-01
1.204277183876087287e+00 5.193032738311850194e-01 1.127399226770779972e+00 -3.450788835659989728e-01
1.256637061435917246e+00 4.435744502652280152e-01 1.170036201213870086e+00 -3.550205659233339750e-01
1.308996938995747206e+00 3.675895374789169834e-01 1.207672061510510098e+00 -3.648817081840780019e-01
1.361356816555576943e+00 2.915770006166050199e-01 1.240125632067659911e+00 -3.746258764245800066e-01
1.413716694115406902e+00 2.162114143121399990e-01 1.264947286125629899e+00 -3.838731836239189787e-01
1.466076571675236861e+00 1.423309720265250045e-01 1.282599343523020075e+00 -3.925193473229079966e-01
1.518436449235066599e+00 7.015648493558410137e-02 1.294308154192219895e+00 -4.009923465853740265e-01
1.570796326794896558e+00 2.747354893649609781e-10 1.299999999977700105e+00 -4.094658259756620011e-01
1.623156204354726517e+00 -4.910953974935199778e-02 1.294308154158100077e+00 -4.138455989650740019e-01
1.675516081914556477e+00 -9.963168055746779439e-02 1.282599343481370058e+00 -4.182271123996589846e-01
1.727875959474386214e+00 -1.513479896051879992e-01 1.264947286320089903e+00 -4.221060380865980233e-01
1.780235837034216173e+00 -2.041039000183139940e-01 1.240125632262119915e+00 -4.243839734758260152e-01
1.832595714594046132e+00 -2.573126764494410024e-01 1.207672061374940098e+00 -4.253868852535629963e-01
1.884955592153875870e+00 -3.105021154340180112e-01 1.170036201017669919e+00 -4.260286743509419938e-01
1.937315469713705829e+00 -3.635122913409919998e-01 1.127399227091979927e+00 -4.263685169805350172e-01
1.989675347273535788e+00 -4.158102859758319725e-01 1.078114342314020035e+00 -4.253678680241450016e-01
2.042035224833365525e+00 -4.672509170920520205e-01 1.024308002740710100e+00 -4.243704169380460023e-01
2.094395102393195263e+00 -5.178833222686599624e-01 9.669664593983600120e-01 -4.237941751005119828e-01
2.146754979953025444e+00 -5.675851663521469526e-01 9.061716722182170392e-01 -4.240714214558419792e-01
2.199114857512855181e+00 -6.160306334419519692e-01 8.416424785446270374e-01 -4.245659551585529989e-01
2.251474735072684918e+00 -6.639012399263920505e-01 7.754522508859960084e-01 -4.264331556575249871e-01
2.303834612632515100e+00 -7.113843296026880481e-01 7.079306546661670030e-01 -4.302105553984800212e-01
2.356194490192344837e+00 -7.588526059734459484e-01 6.394501169088120385e-01 -4.377228336724580116e-01
2.408554367752174574e+00 -8.075207883992410185e-01 5.711608009917720219e-01 -4.452273670750360179e-01
2.460914245312004756e+00 -8.581357694728639629e-01 5.036247783155830549e-01 -4.553349142746899725e-01
2.513274122871834493e+00 -9.113356081143619836e-01 4.371776963472109867e-01 -4.689339019794689922e-01
2.565634000431664230e+00 -9.718467877451539838e-01 3.736214312967779949e-01 -4.831815330879969950e-01
2.617993877991494411e+00 -9.289175593716360035e-01 3.122199829582800179e-01 -4.945267056192270139e-01
2.670353755551324149e+00 -8.346211191141890140e-01 2.548684877244349889e-01 -4.747045616882279995e-01
2.722713633111153886e+00 -7.412868397705270063e-01 2.018162194151900124e-01 -4.519988946534240215e-01
2.775073510670984067e+00 -6.483185646553799586e-01 1.532923503970790025e-01 -4.293061925360279751e-01
2.827433388230813804e+00 -5.556364311771929687e-01 1.099571237822569991e-01 -4.373937545320539799e-01
2.879793265790643542e+00 -4.630303928057110108e-01 7.272606198985730186e-02 -4.608839568865650271e-01
2.932153143350473723e+00 -3.704243544418809875e-01 5.107640906634210165e-02 -4.843597533912690212e-01
2.984513020910303460e+00 -2.778185812558739975e-01 4.318728456726529663e-02 -4.499999988245669824e-01
3.036872898470133197e+00 -1.852133445552570090e-01 3.821360385491900241e-02 -2.999999986531680096e-01
3.089232776029963379e+00 -9.260814048075440008e-02 3.513619101333759903e-02 -1.500000004513090124e-01
3.141592653589793116e+00 0.000000000000000000e+00 3.398271878023340076e-02 0.000000000000000000e+00
