# Angle of attack [rad] 	 Lift coefficient [-] 	 Drag coefficient [-] 	 Moment coefficient [-]
-3.141592653589793116e+00 0.000000000000000000e+00 2.928163579909090139e-02 0.000000000000000000e+00
-3.089232776029963379e+00 8.937896327593419787e-02 3.043523366996700105e-02 1.200000003610469934e-01
-3.036872898470133197e+00 1.787579252115109874e-01 3.351214627809379759e-02 2.399999989225340136e-01
-2.984513020910303460e+00 2.681373796239570062e-01 3.848206482756669905e-02 3.600006586823850108e-01
-2.932153143350473723e+00 3.575203921060199908e-01 4.738064218502149871e-02 4.035964978114309765e-01
-2.879793265790643542e+00 4.468948145389550208e-01 7.240715150529360156e-02 4.089905594743359907e-01
-2.827433388230813804e+00 5.362786577561969859e-01 1.092937845912829997e-01 4.143851897148049801e-01
-2.775073510670984067e+00 6.256478147727160266e-01 1.523567011805470051e-01 4.253869464428000069e-01
-2.722713633111153886e+00 7.150340375419419470e-01 2.008783982227289877e-01 4.476099432506600029e-01
-2.670353755551324149e+00 8.044116229376370164e-01 2.539399438790539976e-01 4.698303956295359907e-01
-2.617993877991494411e+00 8.937896300846940312e-01 3.113092316565890250e-01 4.891148923649730196e-01
-2.565634000431664230e+00 9.348182727734030140e-01 3.727348871505110073e-01 4.790391804694359990e-01
-2.513274122871834493e+00 8.791129371105580459e-01 4.363189007470290037e-01 4.658469730836790057e-01
-2.460914245312004756e+00 8.298441553853670438e-01 5.027978756299470442e-01 4.529067614564339928e-01
-2.408554367752174574e+00 7.826832759863799893e-01 5.703684497497689687e-01 4.436974723959279943e-01
-2.356194490192344837e+00 7.369962182053749755e-01 6.386946958584309719e-01 4.369468994935020167e-01
-2.303834612632515100e+00 6.923736008785920104e-01 7.072148639011259785e-01 4.301963265154989946e-01
-2.251474735072684918e+00 6.477824511662070295e-01 7.747785338448679449e-01 4.269518395927699994e-01
-2.199114857512855181e+00 6.025286952538370100e-01 8.410126086130830236e-01 4.255092420276490039e-01
-2.146754979953025444e+00 5.564425934211489899e-01 9.055873214129249726e-01 4.253989212904740191e-01
-2.094395102393195263e+00 5.087526862809760297e-01 9.664298715688659502e-01 4.256218775510959840e-01
-2.042035224833365525e+00 4.599154482830369872e-01 1.023820595956089985e+00 4.264436281821200048e-01
-1.989675347273535788e+00 4.100768764985919801e-01 1.077677347219440085e+00 4.275724081254230202e-01
-1.937315469713705829e+00 3.591691337753860069e-01 1.127013936317490028e+00 4.286982766189280092e-01
-1.884955592153875870e+00 3.072996527260150046e-01 1.169703977945399931e+00 4.283239469596579752e-01
-1.832595714594046132e+00 2.550879388491260058e-01 1.207393703338649926e+00 4.276111879754689871e-01
-1.780235837034216173e+00 2.026968164625979896e-01 1.239901863158410000e+00 4.265164403768619827e-01
-1.727875959474386214e+00 1.505437733090899954e-01 1.264778898672620056e+00 4.241148748414059755e-01
-1.675516081914556477e+00 9.924462806794000225e-02 1.282486822030169948e+00 4.200672472644019773e-01
-1.623156204354726517e+00 4.899025033454389860e-02 1.294251785670599952e+00 4.155044268788040118e-01
-1.570796326794896558e+00 -1.919041763916299902e-10 1.299999999977480059e+00 4.109403051084369873e-01
-1.518436449235066599e+00 -4.899025004081600243e-02 1.294251785705059943e+00 4.013692988811249918e-01
-1.466076571675236861e+00 -9.924462793001109784e-02 1.282486822071970067e+00 3.917963463475049868e-01
-1.413716694115406902e+00 -1.505437737176759938e-01 1.264778898477719959e+00 3.818288867946060261e-01
-1.361356816555576943e+00 -2.026968168711839879e-01 1.239901862963509904e+00 3.706135842247070267e-01
-1.308996938995747206e+00 -2.550879386383579916e-01 1.207393703474439972e+00 3.584252470984150007e-01
-1.256637061435917246e+00 -3.072996524828700005e-01 1.169703978141849898e+00 3.459711288049889810e-01
-1.204277183876087287e+00 -3.591691341071630017e-01 1.127013935995949900e+00 3.333098003614359817e-01
-1.151917306316257550e+00 -4.100768761263139939e-01 1.077677347580219935e+00 3.197311148676780235e-01
-1.099557428756427591e+00 -4.599154482145719758e-01 1.023820596033220065e+00 3.061524292397819758e-01
-1.047197551196597631e+00 -5.087526864347460265e-01 9.664298713726869883e-01 2.926286839423459796e-01
-9.948376736367678941e-01 -5.564425929153670181e-01 9.055873220581980299e-01 2.791127688789589723e-01
-9.424777960769379348e-01 -6.025286953415800451e-01 8.410126084895690468e-01 2.656540448802550136e-01
-8.901179185171080865e-01 -6.477824515163219665e-01 7.747785333173119460e-01 2.522822111532569966e-01
-8.377580409572782383e-01 -6.923736011082930464e-01 7.072148635448149978e-01 2.390203499448279867e-01
-7.853981633974482790e-01 -7.369962178177810186e-01 6.386946964497539625e-01 2.259665127375160010e-01
-7.330382858376184307e-01 -8.097864121641109580e-01 5.703684497544450061e-01 2.129149777480330019e-01
-6.806784082777884715e-01 -8.787088070185620214e-01 5.027978755028800206e-01 1.843114974633270065e-01
-6.283185307179586232e-01 -9.443623859659650011e-01 4.363189014213850192e-01 1.345334159561190068e-01
-5.759586531581287749e-01 -1.010944609918430048e+00 3.727348869454950031e-01 8.217941423318519956e-02
-5.235987755982988157e-01 -1.132686725523099902e+00 2.801008357594459985e-01 5.263235448185499959e-02
-5.130210225559090897e-01 -1.160807442784669963e+00 2.585845503830960235e-01 4.895582496298329922e-02
-5.024432695135193638e-01 -1.188601478213930029e+00 2.373401887751910022e-01 4.527912031949610228e-02
-4.918655164711295824e-01 -1.216051533824459963e+00 2.162095580180460053e-01 4.160234433101679674e-02
-4.812877634287397455e-01 -1.223558738375779997e+00 2.035987634970289895e-01 3.825372700278009686e-02
-4.707100103863500196e-01 -1.222422310837840032e+00 1.945737231458699867e-01 3.504529968734650114e-02
-4.601322573439602381e-01 -1.221053868681450050e+00 1.857768107100450095e-01 3.183631162070880288e-02
-4.495545043015704567e-01 -1.219453543130190054e+00 1.769927787347529979e-01 2.862670294144959923e-02
-4.389767512591789544e-01 -1.217621465405839931e+00 1.682131007573630099e-01 2.541640777039410118e-02
-4.283989982167891730e-01 -1.213875267779900069e+00 1.594382895803130029e-01 2.220535506230050110e-02
-4.178212451743993916e-01 -1.209117771502340011e+00 1.508399697595969868e-01 1.908806703014030021e-02
-4.072434921320096657e-01 -1.200740408416979932e+00 1.437898136418120087e-01 1.681819465410500092e-02
-3.966657390896198843e-01 -1.192123840078340047e+00 1.367553938295769933e-01 1.454173643821930068e-02
-3.860879860472301028e-01 -1.183166116139900081e+00 1.297472055462750018e-01 1.225862142666490039e-02
-3.755102330048403769e-01 -1.173697756893089972e+00 1.227877449559830053e-01 9.969222232518549359e-03
-3.649324799624505400e-01 -1.167531540778049992e+00 1.156566814607049992e-01 7.676447463732400008e-03
-3.543547269200608141e-01 -1.161431552046050086e+00 1.083587472273150054e-01 5.421322650851600165e-03
-3.437769738776710327e-01 -1.154322269927879896e+00 1.017328576843729987e-01 3.595758151034269840e-03
-3.331992208352812512e-01 -1.146162108727649898e+00 9.570840756991040588e-02 2.227353568138629950e-03
-3.226214677928914698e-01 -1.137717199359030040e+00 8.968810188725570565e-02 9.011929417035750237e-04
-3.120437147505017439e-01 -1.128876182012370055e+00 8.381585959100849859e-02 -3.045449915397970084e-04
-3.014659617081119070e-01 -1.119219271628419943e+00 7.852735372196729957e-02 -1.000211131699289911e-03
-2.908882086657221810e-01 -1.109513738092720025e+00 7.324065190440569306e-02 -1.699303543992179959e-03
-2.803104556233323996e-01 -1.099768263041879912e+00 6.795549465871010553e-02 -2.401212591363450187e-03
-2.697327025809426182e-01 -1.091899405700069936e+00 6.308327140928220167e-02 -2.488660530856919798e-03
-2.591549495385511159e-01 -1.084232219097180039e+00 5.825685013371820209e-02 -2.510084262469890106e-03
-2.485771964961613345e-01 -1.076556752699530106e+00 5.343043421799399673e-02 -2.533649734005679818e-03
-2.379994434537715531e-01 -1.068954117985740027e+00 4.893790876216049662e-02 -2.720348741018429814e-03
-2.274216904113817994e-01 -1.061380379252899964e+00 4.469747472794220050e-02 -3.083408521490570067e-03
-2.168439373689920457e-01 -1.053778623166270023e+00 4.044518004381159743e-02 -3.190015744701820213e-03
-2.062661843266022643e-01 -1.036232934440640019e+00 3.652654258407980054e-02 -4.304615456267980346e-03
-1.956884312842125107e-01 -9.949727518459799969e-01 3.339991276294339978e-02 -7.989497437511190389e-03
-1.851106782418227292e-01 -9.534418571377559770e-01 3.026442824121880135e-02 -1.167500850202220046e-02
-1.745329251994329478e-01 -9.114420091971030535e-01 2.711999208816049875e-02 -1.566548481240600046e-02
-1.639551721570429998e-01 -8.432305189548999769e-01 2.514045578010129858e-02 -2.246160527585260025e-02
-1.533774191146532462e-01 -7.749834434244089465e-01 2.315988788428089903e-02 -2.915516281768349913e-02
-1.427996660722632982e-01 -7.066623556994949817e-01 2.117809351638829871e-02 -3.575472369811769774e-02
-1.322219130298735168e-01 -6.350705203272399846e-01 1.966641747132190018e-02 -4.158570469440780321e-02
-1.216441599874835688e-01 -5.614410034726039500e-01 1.835659553975550057e-02 -4.712341763018289970e-02
-1.110664069450936348e-01 -4.878090879708720240e-01 1.704674995502850066e-02 -5.267863699110000159e-02
-1.004886539027038533e-01 -4.102076065336039967e-01 1.597687714247199992e-02 -5.831501841894919796e-02
-8.991090086031391926e-02 -3.266487518448850103e-01 1.526704433905230057e-02 -6.404404180557710102e-02
-7.933314781792397130e-02 -2.430799803615479870e-01 1.455729285436129991e-02 -6.976820917300849412e-02
-6.875539477553420376e-02 -1.590977717340839870e-01 1.388841589289969980e-02 -7.543847026231520481e-02
-5.817764173314425580e-02 -7.147861197213989382e-02 1.358652791450909968e-02 -8.067531255907779697e-02
-4.759988869075449519e-02 1.618198936587759984e-02 1.328473096805360062e-02 -8.589800224487420532e-02
-3.702213564836454723e-02 1.038773611462590063e-01 1.298304018523259960e-02 -9.125226444626979849e-02
-2.644438260597477622e-02 1.908277599818689885e-01 1.282181492074429933e-02 -9.606094380218879736e-02
-1.586662956358486296e-02 2.777951115390390191e-01 1.270745336369469985e-02 -1.005109266312849969e-01
-5.288876521194919335e-03 3.637321647205740138e-01 1.265973880401240030e-02 -1.045527993214329932e-01
5.288876521194919335e-03 4.489800866607929763e-01 1.264612225107810024e-02 -1.083875348321880067e-01
1.586662956358486296e-02 5.335524940884229794e-01 1.266660522993739990e-02 -1.120057510496060005e-01
2.644438260597477622e-02 6.170546481566629993e-01 1.273303588733529917e-02 -1.153122429746590016e-01
3.702213564836454723e-02 7.001246149389760420e-01 1.281757846089300046e-02 -1.185004559585250000e-01
4.759988869075449519e-02 7.822389584959109632e-01 1.294209023158979927e-02 -1.214298706365980057e-01
5.817764173314425580e-02 8.636974036209780214e-01 1.309438097195990067e-02 -1.242043828883740014e-01
6.875539477553420376e-02 9.446194135813510417e-01 1.326940596007170070e-02 -1.268519407812259969e-01
7.933314781792415171e-02 1.024390625347840089e+00 1.349090158511510006e-02 -1.292582732499600040e-01
8.991090086031391926e-02 1.103702412297880020e+00 1.373035116991819932e-02 -1.315741032739559946e-01
1.004886539027038533e-01 1.182022863898410048e+00 1.400799903676550051e-02 -1.336984071069070024e-01
1.110664069450938152e-01 1.259388473102819983e+00 1.432696074571700000e-02 -1.356516244260340120e-01
1.216441599874835688e-01 1.336121066483600073e+00 1.467365457288520060e-02 -1.374908110905989911e-01
1.322219130298733503e-01 1.410804585328099936e+00 1.509928795731809922e-02 -1.390180212518629943e-01
1.427996660722632982e-01 1.484597821082759950e+00 1.555935297442029991e-02 -1.404104719586569960e-01
1.533774191146532462e-01 1.556561921826139949e+00 1.608970742315250085e-02 -1.415266227568409974e-01
1.639551721570429998e-01 1.626045664982570083e+00 1.671566482585790103e-02 -1.423029251953439878e-01
1.745329251994329478e-01 1.694243841815060048e+00 1.739393541612689956e-02 -1.428963521099189948e-01
1.851106782418227292e-01 1.758075072475040024e+00 1.829394492347349854e-02 -1.429477087006079949e-01
1.956884312842125107e-01 1.820466740112669957e+00 1.932688099874059831e-02 -1.428033873211420057e-01
2.062661843266022643e-01 1.875493624995210107e+00 2.060752910078069919e-02 -1.422945434186760061e-01
2.168439373689920457e-01 1.921328811668719938e+00 2.241989478216689993e-02 -1.414094509784080134e-01
2.274216904113817994e-01 1.962558926723640074e+00 2.452886053670580088e-02 -1.403552166744949925e-01
2.379994434537715531e-01 1.986452812104890109e+00 2.800331978021049911e-02 -1.391825833739090135e-01
2.485771964961613345e-01 2.004251647299100103e+00 3.203594615068339896e-02 -1.379765629034910013e-01
2.591549495385511159e-01 2.014712923857699955e+00 3.687885850647359964e-02 -1.366695255108670015e-01
2.697327025809426182e-01 2.019784431882050146e+00 4.256176157803599758e-02 -1.353597192213890077e-01
2.803104556233323996e-01 2.022042116336829842e+00 4.863290284493740345e-02 -1.340241719939480047e-01
2.908882086657221810e-01 2.013836626747630199e+00 5.592123183960710092e-02 -1.324002605577440095e-01
3.014659617081119070e-01 2.005444307354280031e+00 6.324453743139769879e-02 -1.307719388086479861e-01
3.120437147505017439e-01 1.996961402747069902e+00 7.059729422100290142e-02 -1.291387761488430042e-01
3.226214677928914698e-01 1.961002998335710013e+00 8.081890643407710351e-02 -1.280673542234180007e-01
3.331992208352812512e-01 1.918124116830979942e+00 9.176835733372640247e-02 -1.271786105973850001e-01
3.437769738776710327e-01 1.875183207392890017e+00 1.027341714229439984e-01 -1.263232076826369954e-01
3.543547269200608141e-01 1.836703863367010081e+00 1.145293812243669967e-01 -1.271900675225189903e-01
3.649324799624505400e-01 1.802702989277239931e+00 1.271490694838739999e-01 -1.297668623998720072e-01
3.755102330048403769e-01 1.768662420902580079e+00 1.397809791997939866e-01 -1.323490185371959948e-01
3.860879860472301028e-01 1.734576235796950083e+00 1.524286880052150017e-01 -1.349371416958199954e-01
3.966657390896198843e-01 1.700437271668369998e+00 1.650973209156419985e-01 -1.375319323585560138e-01
4.072434921320096657e-01 1.666236784013199967e+00 1.777944883389729891e-01 -1.401342049394390110e-01
4.178212451743993916e-01 1.631963983671530061e+00 1.900021582008979970e-01 -1.427449118252490101e-01
4.283989982167891730e-01 1.618185538176220017e+00 2.022965943937939937e-01 -1.464991394901349886e-01
4.389767512591789544e-01 1.605887089057649986e+00 2.146009978911259941e-01 -1.503827323235769897e-01
4.495545043015704567e-01 1.591200676013549975e+00 2.269077593483050104e-01 -1.542694703771350095e-01
4.601322573439602381e-01 1.576155197043340062e+00 2.392172285084279981e-01 -1.581594892323499868e-01
4.707100103863500196e-01 1.560728633102240082e+00 2.515298278794699804e-01 -1.620529310890380104e-01
4.812877634287397455e-01 1.544893712729159985e+00 2.638460726961879832e-01 -1.659499453274470016e-01
4.918655164711295824e-01 1.530399297615490095e+00 2.760543279910769865e-01 -1.696606161194439966e-01
5.024432695135193638e-01 1.519726041366519897e+00 2.880163278485909917e-01 -1.729263543801549952e-01
5.130210225559090897e-01 1.508132022620150003e+00 2.999914160804150187e-01 -1.761873016355819943e-01
5.235987755982988157e-01 1.494593531385820073e+00 3.119738364749449766e-01 -1.794426275702150075e-01
5.759586531581287749e-01 1.420926076560129925e+00 3.727348869454950031e-01 -1.958875522601760122e-01
6.283185307179586232e-01 1.328531369157800013e+00 4.363189014213850192e-01 -2.133095745570439961e-01
6.806784082777884715e-01 1.239528212058659928e+00 5.027978755028800206e-01 -2.303855772696669912e-01
7.330382858376184307e-01 1.147920232531109974e+00 5.703684497544460053e-01 -2.446123635201410129e-01
7.853981633974482790e-01 1.052851739739689929e+00 6.386946964497539625e-01 -2.567141189579810190e-01
8.377580409572782383e-01 9.891051444404189708e-01 7.072148635448149978e-01 -2.688179750556550229e-01
8.901179185171080865e-01 9.254035021661739524e-01 7.747785333173119460e-01 -2.802534737417219923e-01
9.424777960769379348e-01 8.607552790593999692e-01 8.410126084895690468e-01 -2.913474319200929918e-01
9.948376736367678941e-01 7.949179898790960097e-01 9.055873220581990291e-01 -3.021954402671819806e-01
1.047197551196597631e+00 7.267895520496370221e-01 9.664298713726869883e-01 -3.130143667208200031e-01
1.099557428756427591e+00 6.570220688779589979e-01 1.023820596033220065e+00 -3.237578328547219830e-01
1.151917306316257550e+00 5.858241087518779588e-01 1.077677347580219935e+00 -3.343390665094829739e-01
1.204277183876087287e+00 5.130987630102330499e-01 1.127013935995949900e+00 -3.449203000597160229e-01
1.256637061435917246e+00 4.389995035469569928e-01 1.169703978141849898e+00 -3.550949166137969959e-01
1.308996938995747206e+00 3.644113409119399960e-01 1.207393703474439972e+00 -3.651776875714040083e-01
1.361356816555576943e+00 2.895668812445489904e-01 1.239901862963509904e+00 -3.751362334050090119e-01
1.413716694115406902e+00 2.150625338823949906e-01 1.264778898477719959e+00 -3.846315881363500111e-01
1.466076571675236861e+00 1.417780399000160008e-01 1.282486822071970067e+00 -3.935311091323390187e-01
1.518436449235066599e+00 6.998607148687970014e-02 1.294251785705059943e+00 -4.022368213306690143e-01
1.570796326794896558e+00 2.741486825457629952e-10 1.299999999977480059e+00 -4.109403051118349914e-01
1.623156204354726517e+00 -4.899025033454369737e-02 1.294251785670599952e+00 -4.155044268788040118e-01
1.675516081914556477e+00 -9.924462806794029368e-02 1.282486822030169948e+00 -4.200672472644019773e-01
1.727875959474386214e+00 -1.505437733090899954e-01 1.264778898672620056e+00 -4.241148748414059755e-01
1.780235837034216173e+00 -2.026968164625979896e-01 1.239901863158410000e+00 -4.265164403768619827e-01
1.832595714594046132e+00 -2.550879388491260058e-01 1.207393703338649926e+00 -4.276111879754689871e-01
1.884955592153875870e+00 -3.072996527260150046e-01 1.169703977945399931e+00 -4.283239469596579752e-01
1.937315469713705829e+00 -3.591691337753860069e-01 1.127013936317490028e+00 -4.286982766189280092e-01
1.989675347273535788e+00 -4.100768764985919801e-01 1.077677347219440085e+00 -4.275724081254230202e-01
2.042035224833365525e+00 -4.599154482830369872e-01 1.023820595956089985e+00 -4.264436281821200048e-01
2.094395102393195263e+00 -5.087526862809760297e-01 9.664298715688659502e-01 -4.256218775510959840e-01
2.146754979953025444e+00 -5.564425934211489899e-01 9.055873214129249726e-01 -4.253989212904740191e-01
2.199114857512855181e+00 -6.025286952538370100e-01 8.410126086130830236e-01 -4.255092420276490039e-01
2.251474735072684918e+00 -6.477824511662070295e-01 7.747785338448679449e-01 -4.269518395927699994e-01
2.303834612632515100e+00 -6.923736008785920104e-01 7.072148639011259785e-01 -4.301963265154989946e-01
2.356194490192344837e+00 -7.369962182053749755e-01 6.386946958584309719e-01 -4.369468994935020167e-01
2.408554367752174574e+00 -7.826832759863809885e-01 5.703684497497679695e-01 -4.436974723959279943e-01
2.460914245312004756e+00 -8.298441553853670438e-01 5.027978756299470442e-01 -4.529067614564339928e-01
2.513274122871834493e+00 -8.791129371105580459e-01 4.363189007470290037e-01 -4.658469730836790057e-01
2.565634000431664230e+00 -9.348182727734040132e-01 3.727348871505110073e-01 -4.790391804694359990e-01
2.617993877991494411e+00 -8.937896300846930320e-01 3.113092316565880258e-01 -4.891148923649730196e-01
2.670353755551324149e+00 -8.044106669755449746e-01 2.539393620516269823e-01 -4.698301579686000040e-01
2.722713633111153886e+00 -7.150317038663980274e-01 2.008770694400769941e-01 -4.476093630604899842e-01
2.775073510670984067e+00 -6.256527407572499699e-01 1.523592941817719926e-01 -4.253881711302660018e-01
2.827433388230813804e+00 -5.362737776481030227e-01 1.092916850745459939e-01 -4.343848953153129910e-01
2.879793265790643542e+00 -4.468948145389550208e-01 7.240715150529379585e-02 -4.589905596408619948e-01
2.932153143350473723e+00 -3.575158514298070189e-01 4.737972015701599759e-02 -4.835962239664109985e-01
2.984513020910303460e+00 -2.681368883206590170e-01 3.848203512617170280e-02 -4.499999988245669824e-01
3.036872898470133197e+00 -1.787579252115109874e-01 3.351214627809379759e-02 -2.999999986531680096e-01
3.089232776029963379e+00 -8.937896327593419787e-02 3.043523366996700105e-02 -1.500000004513090124e-01
3.141592653589793116e+00 0.000000000000000000e+00 2.928163579909090139e-02 0.000000000000000000e+00
