# Angle of attack [rad] 	 Lift coefficient [-] 	 Drag coefficient [-] 	 Moment coefficient [-]
-3.141592653589793116e+00 3.948811621720939801e-05 2.271515292455479895e-01 -3.948811621720939801e-05
-3.089232776029963379e+00 9.464401396879419670e-02 2.263701865938199942e-01 3.632876862998690032e-02
-3.036872898470133197e+00 1.907659531319990109e-01 2.242624694680059871e-01 7.394268748446010397e-02
-2.984513020910303460e+00 2.868876832532359922e-01 2.207806689551989887e-01 1.115580431077159984e-01
-2.932153143350473723e+00 3.826856152735840233e-01 2.263307061815290067e-01 1.146901945690450009e-01
-2.879793265790643542e+00 4.783260533766680034e-01 2.276845319625729891e-01 1.010215686145980035e-01
-2.827433388230813804e+00 5.739624926334889743e-01 2.155632340501159872e-01 8.781373764532959814e-02
-2.775073510670984067e+00 6.335078235364539623e-01 2.201917378536590031e-01 7.320738981204069629e-02
-2.722713633111153886e+00 6.208710576314769858e-01 2.508239361508279863e-01 5.628850648335380347e-02
-2.670353755551324149e+00 6.082379580378940442e-01 2.796364963984470098e-01 5.253383264956810322e-02
-2.617993877991494411e+00 5.956046794232460195e-01 3.067198617510379921e-01 4.945215037908239769e-02
-2.565634000431664230e+00 4.871243042388890276e-01 3.505201388797200002e-01 4.500683749098829955e-02
-2.513274122871834493e+00 4.583376634538540162e-01 3.728152458592369767e-01 4.085603705326860263e-02
-2.460914245312004756e+00 4.234558628431089877e-01 4.044593916887179730e-01 3.680789945813060099e-02
-2.408554367752174574e+00 3.966032560670599838e-01 4.396490714592670157e-01 3.511577330855240181e-02
-2.356194490192344837e+00 3.731748796221179831e-01 4.765632771972539983e-01 3.452541639040340032e-02
-2.303834612632515100e+00 3.486774751438799780e-01 5.135326938643760553e-01 3.393509654108319701e-02
-2.251474735072684918e+00 3.240966660434689839e-01 5.498980603771379538e-01 3.369027194396510133e-02
-2.199114857512855181e+00 2.997573767076580076e-01 5.844436846072239566e-01 3.436162758708259657e-02
-2.146754979953025444e+00 2.758099113658670221e-01 6.203197399052430283e-01 3.498514624937759665e-02
-2.094395102393195263e+00 2.527696257962400161e-01 6.592446365827200339e-01 3.560013649054989682e-02
-2.042035224833365525e+00 2.267562021705560038e-01 6.864043015248270097e-01 3.660560542542719981e-02
-1.989675347273535788e+00 2.013345396202589899e-01 7.164291473026970225e-01 3.760668804431589740e-02
-1.937315469713705829e+00 1.765368450797029920e-01 7.501967881343409861e-01 3.862190473828520237e-02
-1.884955592153875870e+00 1.511308306410069913e-01 7.740334577529369708e-01 3.947353091170970052e-02
-1.832595714594046132e+00 1.252714896555570112e-01 7.942679473424459902e-01 4.022982580036679745e-02
-1.780235837034216173e+00 9.938919963251950651e-02 8.188666572758910300e-01 4.101632229220979892e-02
-1.727875959474386214e+00 7.425105248336880126e-02 8.402715289399309562e-01 4.156839939126499850e-02
-1.675516081914556477e+00 5.057140746722010166e-02 8.482203775333549967e-01 4.157947640005039969e-02
-1.623156204354726517e+00 2.591022981555760052e-02 8.613024741542639751e-01 4.162234279285190186e-02
-1.570796326794896558e+00 3.619437319216130261e-05 8.797783695884600075e-01 4.166877247893920055e-02
-1.518436449235066599e+00 -2.583620479583630114e-02 8.613005484796300015e-01 4.007113711846319731e-02
-1.466076571675236861e+00 -5.049312002022259688e-02 8.482197856283719695e-01 3.848109032150059949e-02
-1.413716694115406902e+00 -7.416865118361079534e-02 8.402722571398260065e-01 3.692012549276649930e-02
-1.361356816555576943e+00 -9.930530806353089768e-02 8.188692953136119668e-01 3.493089734148330239e-02
-1.308996938995747206e+00 -1.251875921990079910e-01 7.942705603682560511e-01 3.276260838600950076e-02
-1.256637061435917246e+00 -1.510469266447899972e-01 7.740360679934259469e-01 3.062904784234770153e-02
-1.204277183876087287e+00 -1.764404108799610127e-01 7.501991455106620243e-01 2.845973715220989977e-02
-1.151917306316257550e+00 -2.012003970941829978e-01 7.164272512050999797e-01 2.622096534400069831e-02
-1.099557428756427591e+00 -2.265843065590980032e-01 6.863982104354809932e-01 2.401276956267920162e-02
-1.047197551196597631e+00 -2.525595609317110024e-01 6.592336336204760450e-01 2.183546198092880045e-02
-9.948376736367678941e-01 -2.756377077075670146e-01 6.203125360572080416e-01 1.990665180877789972e-02
-9.424777960769379348e-01 -2.996230990152399798e-01 5.844414747173169999e-01 1.800406453613160110e-02
-8.901179185171080865e-01 -3.240003497853110037e-01 5.499007541158450474e-01 1.613085095207869926e-02
-8.377580409572782383e-01 -3.485938622002670018e-01 5.135371751546440322e-01 1.460188609052810033e-02
-7.853981633974482790e-01 -3.730912914969239935e-01 4.765676677395350169e-01 1.324064589509550000e-02
-7.330382858376184307e-01 -3.965196469168389970e-01 4.396533233779260086e-01 1.189475969585030053e-02
-6.806784082777884715e-01 -4.233715179429239917e-01 4.044631654297219936e-01 1.103197869510059992e-02
-6.283185307179586232e-01 -4.582534796510620012e-01 3.728187163655259928e-01 1.131468478022979937e-02
-5.759586531581287749e-01 -4.870400815922369953e-01 3.505206009436709902e-01 2.286211520277259962e-02
-5.235987755982988157e-01 -5.059055376145950023e-01 3.254163494295519987e-01 3.499265906204480220e-02
-5.130210225559090897e-01 -4.983075694725579985e-01 3.287264182635190046e-01 3.282642709137659903e-02
-5.024432695135193638e-01 -4.909265342682240241e-01 3.313974680940119932e-01 3.066019512070829872e-02
-4.918655164711295824e-01 -4.837449905813990259e-01 3.330589383159919814e-01 2.849396315004009902e-02
-4.812877634287397455e-01 -4.895852389767270108e-01 3.310389068151149972e-01 2.617292604252999949e-02
-4.707100103863500196e-01 -5.011386936796450309e-01 3.260301001263199994e-01 2.378554388956249932e-02
-4.601322573439602381e-01 -5.129222253018149713e-01 3.209500949914400048e-01 2.139816173659499915e-02
-4.495545043015704567e-01 -5.249513395093059476e-01 3.158041449913159826e-01 1.901077958362749898e-02
-4.389767512591789544e-01 -5.372429672934559974e-01 3.105969992471490082e-01 1.662339743065999881e-02
-4.283989982167891730e-01 -5.498156325980400050e-01 3.053329615501310101e-01 1.423601527769250037e-02
-4.178212451743993916e-01 -5.628584289791950246e-01 2.999654709592520230e-01 1.182462334108870007e-02
-4.072434921320096657e-01 -5.778054515953100490e-01 2.940812835417739857e-01 9.197143243115390304e-03
-3.966657390896198843e-01 -5.932229021568019567e-01 2.881271716769179814e-01 6.569663145142090079e-03
-3.860879860472301028e-01 -6.091545410772889468e-01 2.821061206984200043e-01 3.942183047168780312e-03
-3.755102330048403769e-01 -6.202411052402510006e-01 2.760209483845930123e-01 1.121972057355760059e-03
-3.649324799624505400e-01 -6.283279397471830396e-01 2.698743165509749908e-01 -7.897289797894399685e-04
-3.543547269200608141e-01 -6.364147742541149677e-01 2.636687416936370210e-01 -3.558824814416649933e-03
-3.437769738776710327e-01 -6.370756325939069820e-01 2.585899949364889872e-01 -7.055594263699629942e-03
-3.331992208352812512e-01 -6.196417263985699586e-01 2.581524457228719927e-01 -8.052128003620730862e-03
-3.226214677928914698e-01 -6.235252368066519502e-01 2.550319957013810201e-01 -9.100857327398920865e-03
-3.120437147505017439e-01 -6.098363834701789887e-01 2.541762507914420155e-01 -9.883416531339100225e-03
-3.014659617081119070e-01 -6.064419734186540234e-01 2.521070272402050061e-01 -1.049087522635130075e-02
-2.908882086657221810e-01 -6.035140606977410505e-01 2.501061052149810005e-01 -1.102175970687509915e-02
-2.803104556233323996e-01 -5.884325164308269462e-01 2.494953241401060007e-01 -1.147654386742420068e-02
-2.697327025809426182e-01 -5.825636095513959667e-01 2.476513473475530080e-01 -1.202635102583089928e-02
-2.591549495385511159e-01 -5.731800690802499876e-01 2.462372702446279926e-01 -1.258608853268989962e-02
-2.485771964961613345e-01 -5.566850920158520344e-01 2.455478340031830020e-01 -1.302366501457499944e-02
-2.379994434537715531e-01 -5.418031645621459447e-01 2.445692547899679936e-01 -1.369414037896580019e-02
-2.274216904113817994e-01 -5.316265753254170168e-01 2.431712849274340060e-01 -1.409452703965750030e-02
-2.168439373689920457e-01 -5.085158179298420178e-01 2.429163569538760059e-01 -1.478803620151250033e-02
-2.062661843266022643e-01 -4.915378228864690224e-01 2.419142509811099961e-01 -1.523335406991689969e-02
-1.956884312842125107e-01 -4.627817640565969892e-01 2.412749971787430114e-01 -1.554789866392720064e-02
-1.851106782418227292e-01 -4.489650075033829735e-01 2.398792398311969942e-01 -1.520298838508869939e-02
-1.745329251994329478e-01 -4.383395086320380218e-01 2.390001495825800071e-01 -1.412509164763560074e-02
-1.639551721570429998e-01 -4.114733412741590213e-01 2.386342002360130055e-01 -1.509597516367740082e-02
-1.533774191146532462e-01 -3.683825780129569849e-01 2.384008002420340000e-01 -1.816875007528239924e-02
-1.427996660722632982e-01 -3.096362149168059852e-01 2.384628968222599898e-01 -2.244294893018439901e-02
-1.322219130298735168e-01 -2.599726596923069843e-01 2.387076156276589922e-01 -2.612469578253159841e-02
-1.216441599874835688e-01 -2.112918915869629877e-01 2.388325681433040026e-01 -2.997191991842209843e-02
-1.110664069450936348e-01 -1.600649748782140003e-01 2.389996065426089888e-01 -3.412375258377319670e-02
-1.004886539027038533e-01 -1.137052787027069967e-01 2.393733218171650023e-01 -3.745883872236559914e-02
-8.991090086031391926e-02 -6.667403888297919468e-02 2.394852631896559891e-01 -4.164545656232229720e-02
-7.933314781792397130e-02 -2.479545042158870158e-02 2.397195373182340050e-01 -4.505990402474890216e-02
-6.875539477553420376e-02 -7.201376004203180123e-03 2.400355192787110015e-01 -4.763601913761820322e-02
-5.817764173314425580e-02 2.274412401757619842e-02 2.401013435338699986e-01 -4.965708207253329703e-02
-4.759988869075449519e-02 7.813780186553989648e-02 2.403762324096239966e-01 -5.036595718817440254e-02
-3.702213564836454723e-02 1.142492088842499975e-01 2.406506404179110103e-01 -5.018171307345149768e-02
-2.644438260597477622e-02 1.488894815710889996e-01 2.406763577452430136e-01 -5.016377637606529716e-02
-1.586662956358486296e-02 1.757783918676419921e-01 2.408971489734159921e-01 -5.002638334324949893e-02
-5.288876521194919335e-03 1.995345563854560023e-01 2.409426536949459963e-01 -4.990311179511729839e-02
5.288876521194919335e-03 2.286446372465650023e-01 2.410812948908570008e-01 -5.007221245717889679e-02
1.586662956358486296e-02 2.611571295450459962e-01 2.411790293320499878e-01 -5.038193455165519696e-02
2.644438260597477622e-02 2.951463054666579877e-01 2.412646169286919995e-01 -5.088690876526349993e-02
3.702213564836454723e-02 3.277390973411219988e-01 2.413248191447870117e-01 -5.147183957504519736e-02
4.759988869075449519e-02 3.613148015222980014e-01 2.414190033035809868e-01 -5.186557366100869731e-02
5.817764173314425580e-02 3.945114456442470052e-01 2.415778020578719931e-01 -5.251645558331129865e-02
6.875539477553420376e-02 4.277816204345959994e-01 2.415588864590079987e-01 -5.299369567884090054e-02
7.933314781792415171e-02 4.610470985909340125e-01 2.416679670828590087e-01 -5.369922029549110271e-02
8.991090086031391926e-02 4.943924356313800228e-01 2.417817957242779925e-01 -5.416098529557950014e-02
1.004886539027038533e-01 5.275931147839669766e-01 2.417408724247890051e-01 -5.469157553947309736e-02
1.110664069450938152e-01 5.605883140810410392e-01 2.419025996151550062e-01 -5.515813101252819983e-02
1.216441599874835688e-01 5.937679273106509781e-01 2.419223818513989988e-01 -5.552366535407739917e-02
1.322219130298733503e-01 6.279064197439190309e-01 2.419048350426160066e-01 -5.609477351972900344e-02
1.427996660722632982e-01 6.598191626858980197e-01 2.419919499874370050e-01 -5.616511284739229837e-02
1.533774191146532462e-01 6.939474728967960360e-01 2.419278786005200077e-01 -5.647736698849899900e-02
1.639551721570429998e-01 7.235920101294159856e-01 2.418470871976159953e-01 -5.640874582102620161e-02
1.745329251994329478e-01 7.450377316806969796e-01 2.417335599187860062e-01 -5.564834629374779823e-02
1.851106782418227292e-01 7.721121670873160037e-01 2.412856723167089990e-01 -5.498708789204669739e-02
1.956884312842125107e-01 7.846039211059370189e-01 2.407153948552440137e-01 -5.142729907140679985e-02
2.062661843266022643e-01 7.967164126716069772e-01 2.401361005431159878e-01 -4.732386856165549799e-02
2.168439373689920457e-01 8.184371429364889483e-01 2.390643958056130058e-01 -4.397216748417499821e-02
2.274216904113817994e-01 8.486971872533920491e-01 2.377482676853419907e-01 -4.188540384810249956e-02
2.379994434537715531e-01 8.894299403636259926e-01 2.359251354095029951e-01 -4.095604934129989938e-02
2.485771964961613345e-01 9.175054084874270099e-01 2.351982789742780022e-01 -3.962639549812690259e-02
2.591549495385511159e-01 9.446510917943660157e-01 2.345738602116849980e-01 -3.852991747280729712e-02
2.697327025809426182e-01 9.715033777478350174e-01 2.342428180732160081e-01 -3.769888339515110182e-02
2.803104556233323996e-01 9.886719740319509508e-01 2.348452702702240047e-01 -3.676695621301970252e-02
2.908882086657221810e-01 1.015226177804479990e+00 2.351542377447899956e-01 -3.588749966519359791e-02
3.014659617081119070e-01 1.047142127202439932e+00 2.352177882196830050e-01 -3.545626808564059790e-02
3.120437147505017439e-01 1.052589409509149920e+00 2.376306002124849992e-01 -3.504323008320690130e-02
3.226214677928914698e-01 1.046410411674439933e+00 2.394874487259940066e-01 -3.396821360571890269e-02
3.331992208352812512e-01 1.045485826527059903e+00 2.405375462238490136e-01 -3.318688504583260090e-02
3.437769738776710327e-01 1.042088215495740045e+00 2.419717391738120116e-01 -3.283411740672940310e-02
3.543547269200608141e-01 1.032114427892030006e+00 2.441061049882859990e-01 -3.312803478746510072e-02
3.649324799624505400e-01 1.017470762930829942e+00 2.465392142183910063e-01 -3.341047563725890041e-02
3.755102330048403769e-01 1.007077065247270031e+00 2.483084757184260138e-01 -3.415174044889709992e-02
3.860879860472301028e-01 1.002930910760339911e+00 2.489666940194530109e-01 -3.541939077800269897e-02
3.966657390896198843e-01 1.003011020753300064e+00 2.497248371656209942e-01 -3.714788806427019724e-02
4.072434921320096657e-01 1.004256771462799902e+00 2.517506841935560069e-01 -3.905207575830110106e-02
4.178212451743993916e-01 1.005658090750229938e+00 2.537198096367179745e-01 -4.145409371732859671e-02
4.283989982167891730e-01 9.946035636174580530e-01 2.572329166554699897e-01 -4.458439145428780281e-02
4.389767512591789544e-01 9.748104981532670354e-01 2.627592703156390042e-01 -4.901131215588969831e-02
4.495545043015704567e-01 9.525766261224559717e-01 2.689716887806379852e-01 -5.401448268977430273e-02
4.601322573439602381e-01 9.301117074889849734e-01 2.753244720443899785e-01 -5.910433124498660346e-02
4.707100103863500196e-01 9.077990719956320342e-01 2.815827731628690045e-01 -6.428037622784710248e-02
4.812877634287397455e-01 8.855854788976760261e-01 2.878031887030509939e-01 -6.949427763483109755e-02
4.918655164711295824e-01 8.561680870399349663e-01 2.940171021238899840e-01 -7.479536532977359986e-02
5.024432695135193638e-01 8.223229463439329923e-01 3.002136569705610158e-01 -8.034898069238960439e-02
5.130210225559090897e-01 7.889333137051179889e-01 3.065506974464810019e-01 -8.610578861518569660e-02
5.235987755982988157e-01 7.643426437573680454e-01 3.139018899522920125e-01 -8.879225940759480351e-02
5.759586531581287749e-01 6.823264005758400419e-01 3.519653711411009911e-01 -9.639124440230699420e-02
6.283185307179586232e-01 6.436196963050460074e-01 3.798342608455860248e-01 -1.040016299853439991e-01
6.806784082777884715e-01 5.962191204381760423e-01 4.104273064568019769e-01 -1.118432239590610028e-01
7.330382858376184307e-01 5.613642119089240490e-01 4.445720737866359906e-01 -1.165316231277929993e-01
7.853981633974482790e-01 5.299099080756739522e-01 4.797222792536030012e-01 -1.209456044209960002e-01
8.377580409572782383e-01 4.968929053657800132e-01 5.148401251849430427e-01 -1.252736983249889968e-01
8.901179185171080865e-01 4.629791268818240213e-01 5.499007541158450474e-01 -1.301307602702269917e-01
9.424777960769379348e-01 4.282257037536050248e-01 5.844414747173169999e-01 -1.349064454697720128e-01
9.948376736367678941e-01 3.940320239102200195e-01 6.203125360572080416e-01 -1.398464152133719884e-01
1.047197551196597631e+00 3.611349548117380182e-01 6.592336336204770442e-01 -1.447800943377360039e-01
1.099557428756427591e+00 3.239675916943839939e-01 6.863982104354809932e-01 -1.503909031362120063e-01
1.151917306316257550e+00 2.876454657752040012e-01 7.164272512050999797e-01 -1.559974609245390054e-01
1.204277183876087287e+00 2.522148396559639738e-01 7.501991455106620243e-01 -1.616070370748380058e-01
1.256637061435917246e+00 2.159226214937949861e-01 7.740360679934259469e-01 -1.675202593835319886e-01
1.308996938995747206e+00 1.789866695838089883e-01 7.942705603682560511e-01 -1.735299707333519958e-01
1.361356816555576943e+00 1.420179368046040058e-01 8.188692953136119668e-01 -1.796279580353890015e-01
1.413716694115406902e+00 1.061065498372090049e-01 8.402722571398260065e-01 -1.855964994675110002e-01
1.466076571675236861e+00 7.226664896514969905e-02 8.482197856283719695e-01 -1.910395962452060004e-01
1.518436449235066599e+00 3.702419409888679791e-02 8.613005484796300015e-01 -1.966267348326060094e-01
1.570796326794896558e+00 4.658043311138799949e-05 8.797783695884600075e-01 -2.022198663900159898e-01
1.623156204354726517e+00 -2.583059819174430075e-02 8.613024741542639751e-01 -2.031792696381329866e-01
1.675516081914556477e+00 -5.049141956340599813e-02 8.482203775333549967e-01 -2.041414365105509998e-01
1.727875959474386214e+00 -7.417070238553420680e-02 8.402715289399309562e-01 -2.055024368164160009e-01
1.780235837034216173e+00 -9.930876193751060621e-02 8.188666572758910300e-01 -2.048990519039660119e-01
1.832595714594046132e+00 -1.251910443735249900e-01 7.942679473424449910e-01 -2.036910822818500111e-01
1.884955592153875870e+00 -1.510503775755019928e-01 7.740334577529369708e-01 -2.027655028963049888e-01
1.937315469713705829e+00 -1.764425047914910116e-01 7.501967881343409861e-01 -2.014250550139869977e-01
1.989675347273535788e+00 -2.011986951998810114e-01 7.164291473026970225e-01 -1.998054598015150118e-01
2.042035224833365525e+00 -2.265788092482060034e-01 6.864043015248270097e-01 -1.981889588746560127e-01
2.094395102393195263e+00 -2.525504134779870125e-01 6.592446365827190347e-01 -1.962448434811520093e-01
2.146754979953025444e+00 -2.756325056820689845e-01 6.203197399052430283e-01 -1.959303195582720036e-01
2.199114857512855181e+00 -2.996214869527989988e-01 5.844436846072239566e-01 -1.953174319316240137e-01
2.251474735072684918e+00 -3.240023322637540226e-01 5.498980603771379538e-01 -1.935966112005509943e-01
2.303834612632515100e+00 -3.485970469897100021e-01 5.135326938643760553e-01 -1.966311741189200046e-01
2.356194490192344837e+00 -3.730944798151030195e-01 4.765632771972539983e-01 -1.998535494160280090e-01
2.408554367752174574e+00 -3.965228320954620189e-01 4.396490714592660165e-01 -2.030764047635690017e-01
2.460914245312004756e+00 -4.233754818321999736e-01 4.044593916887179730e-01 -2.122701368658470034e-01
2.513274122871834493e+00 -4.582574800610780263e-01 3.728152458592369767e-01 -2.351299144113659922e-01
2.565634000431664230e+00 -4.870440735067559923e-01 3.505201388797200002e-01 -2.581766818470619951e-01
2.617993877991494411e+00 -5.955257031908109955e-01 3.067198617510379921e-01 -2.846258031932619725e-01
2.670353755551324149e+00 -6.081593875832930207e-01 2.796367304195639947e-01 -3.120724477521290008e-01
2.722713633111153886e+00 -6.207930719757740468e-01 2.508244707187429756e-01 -3.355256593225400263e-01
2.775073510670984067e+00 -6.334267563682549618e-01 2.201906941330580014e-01 -3.589788708929509964e-01
2.827433388230813804e+00 -5.738654331899549765e-01 2.155651432342750029e-01 -3.319090404857040211e-01
2.879793265790643542e+00 -4.781966876911200037e-01 2.276845319625729891e-01 -2.795724559384609731e-01
2.932153143350473723e+00 -3.825279421922829770e-01 2.263311280395310099e-01 -2.001508258303220100e-01
2.984513020910303460e+00 -2.867182469432280056e-01 2.207806900648369985e-01 -1.395192876478099919e-01
3.036872898470133197e+00 -1.906266456132149900e-01 2.242624694680059871e-01 -9.250851980310979827e-02
3.089232776029963379e+00 -9.453504378505429850e-02 2.263701865938199942e-01 -4.550022487796710063e-02
3.141592653589793116e+00 3.948811621720939801e-05 2.271515292455479895e-01 -3.948811621720939801e-05
