# Angle of attack [rad] 	 Lift coefficient [-] 	 Drag coefficient [-] 	 Moment coefficient [-]
-3.141593e+00 0.000000e+00 4.982985e-01 0.000000e+00
-3.089233e+00 6.229174e-03 4.993738e-01 7.767759e-03
-3.036873e+00 1.251542e-02 4.994195e-01 1.560668e-02
-2.984513e+00 1.877316e-02 4.994620e-01 2.341007e-02
-2.932153e+00 2.340943e-02 4.995304e-01 2.524367e-02
-2.879793e+00 2.723607e-02 4.996082e-01 2.409244e-02
-2.827433e+00 3.106375e-02 4.996801e-01 2.294121e-02
-2.775074e+00 3.364942e-02 4.997542e-01 2.215177e-02
-2.722714e+00 3.375108e-02 4.998369e-01 2.208593e-02
-2.670354e+00 3.385484e-02 4.999083e-01 2.202009e-02
-2.617994e+00 3.396106e-02 4.999651e-01 2.195425e-02
-2.565634e+00 3.400224e-02 5.015496e-01 2.236452e-02
-2.513274e+00 3.404434e-02 5.076337e-01 2.277480e-02
-2.460914e+00 3.408746e-02 5.137178e-01 2.318507e-02
-2.408554e+00 3.367906e-02 5.200100e-01 2.359458e-02
-2.356194e+00 3.304485e-02 5.264060e-01 2.400371e-02
-2.303835e+00 3.241105e-02 5.328022e-01 2.441283e-02
-2.251475e+00 3.149665e-02 5.390257e-01 2.475877e-02
-2.199115e+00 3.002039e-02 5.449039e-01 2.497831e-02
-2.146755e+00 2.854429e-02 5.479970e-01 2.519785e-02
-2.094395e+00 2.706839e-02 5.503904e-01 2.541739e-02
-2.042035e+00 2.482081e-02 5.518423e-01 2.535477e-02
-1.989675e+00 2.257329e-02 5.532942e-01 2.529214e-02
-1.937315e+00 2.032586e-02 5.547460e-01 2.522952e-02
-1.884956e+00 1.770446e-02 5.553394e-01 2.495107e-02
-1.832596e+00 1.489604e-02 5.555035e-01 2.456470e-02
-1.780236e+00 1.208768e-02 5.556677e-01 2.417834e-02
-1.727876e+00 9.193921e-03 5.553366e-01 2.369007e-02
-1.675516e+00 6.129268e-03 5.540151e-01 2.299800e-02
-1.623156e+00 3.064638e-03 5.526936e-01 2.230594e-02
-1.570796e+00 1.912727e-08 5.513720e-01 2.158414e-02
-1.518436e+00 -3.064634e-03 5.526936e-01 2.163385e-02
-1.466077e+00 -6.129276e-03 5.540151e-01 2.166779e-02
-1.413717e+00 -9.193895e-03 5.553366e-01 2.169475e-02
-1.361357e+00 -1.208767e-02 5.556677e-01 2.149194e-02
-1.308997e+00 -1.489606e-02 5.555035e-01 2.117425e-02
-1.256637e+00 -1.770444e-02 5.553394e-01 2.085655e-02
-1.204277e+00 -2.032584e-02 5.547460e-01 2.043347e-02
-1.151917e+00 -2.257329e-02 5.532942e-01 1.979959e-02
-1.099557e+00 -2.482082e-02 5.518423e-01 1.916571e-02
-1.047198e+00 -2.706840e-02 5.503904e-01 1.853183e-02
-9.948377e-01 -2.854430e-02 5.479970e-01 1.765036e-02
-9.424778e-01 -3.002040e-02 5.449039e-01 1.676889e-02
-8.901179e-01 -3.149666e-02 5.390257e-01 1.588741e-02
-8.377580e-01 -3.241105e-02 5.328022e-01 1.488455e-02
-7.853982e-01 -3.304484e-02 5.264061e-01 1.382100e-02
-7.330383e-01 -3.367906e-02 5.200100e-01 1.275743e-02
-6.806784e-01 -3.408746e-02 5.137178e-01 1.165026e-02
-6.283185e-01 -3.404434e-02 5.076337e-01 1.045587e-02
-5.759587e-01 -3.400224e-02 5.015496e-01 9.261500e-03
-5.235988e-01 -3.396106e-02 4.999651e-01 8.067108e-03
-5.130210e-01 -3.393938e-02 4.999550e-01 7.771340e-03
-5.024433e-01 -3.391782e-02 4.999442e-01 7.471710e-03
-4.918655e-01 -3.389637e-02 4.999327e-01 7.172343e-03
-4.812878e-01 -3.387503e-02 4.999205e-01 6.873237e-03
-4.707100e-01 -3.385378e-02 4.999077e-01 6.574403e-03
-4.601323e-01 -3.383264e-02 4.998943e-01 6.275847e-03
-4.495545e-01 -3.381159e-02 4.998803e-01 5.977581e-03
-4.389768e-01 -3.379064e-02 4.998658e-01 5.679611e-03
-4.283990e-01 -3.376978e-02 4.998508e-01 5.381939e-03
-4.178212e-01 -3.374901e-02 4.998353e-01 5.084571e-03
-4.072435e-01 -3.372832e-02 4.998194e-01 4.787514e-03
-3.966657e-01 -3.370771e-02 4.998031e-01 4.490775e-03
-3.860880e-01 -3.368719e-02 4.997863e-01 4.194361e-03
-3.755102e-01 -3.366674e-02 4.997691e-01 3.898272e-03
-3.649325e-01 -3.364637e-02 4.997516e-01 3.602521e-03
-3.543547e-01 -3.362607e-02 4.997337e-01 3.307117e-03
-3.437770e-01 -3.299418e-02 4.997159e-01 2.971983e-03
-3.331992e-01 -3.175095e-02 4.996981e-01 2.597007e-03
-3.226215e-01 -3.050819e-02 4.996797e-01 2.222289e-03
-3.120437e-01 -2.926584e-02 4.996606e-01 1.847861e-03
-3.014660e-01 -2.802387e-02 4.996409e-01 1.473776e-03
-2.908882e-01 -2.678236e-02 4.996206e-01 1.100141e-03
-2.803105e-01 -2.554132e-02 4.995996e-01 7.270834e-04
-2.697327e-01 -2.430084e-02 4.995779e-01 3.547971e-04
-2.591549e-01 -2.306088e-02 4.995555e-01 4.216843e-05
-2.485772e-01 -2.182141e-02 4.995325e-01 2.719112e-05
-2.379994e-01 -2.058331e-02 4.995087e-01 1.422645e-05
-2.274217e-01 -1.934428e-02 4.994841e-01 4.312959e-06
-2.168439e-01 -1.810748e-02 4.994589e-01 -1.610420e-04
-2.062662e-01 -1.686995e-02 4.994328e-01 -7.838176e-04
-1.956884e-01 -1.563378e-02 4.994060e-01 -1.406543e-03
-1.851107e-01 -1.439857e-02 4.990527e-01 -2.029315e-03
-1.745329e-01 -1.316300e-02 4.979937e-01 -2.652049e-03
-1.639552e-01 -1.114772e-02 4.964871e-01 -2.556463e-03
-1.533774e-01 -9.132908e-03 4.949777e-01 -2.461472e-03
-1.427997e-01 -7.121543e-03 4.934670e-01 -2.365668e-03
-1.322219e-01 -5.112661e-03 4.919550e-01 -2.262834e-03
-1.216442e-01 -3.106988e-03 4.904402e-01 -2.081812e-03
-1.110664e-01 -1.103098e-03 4.889213e-01 -1.898745e-03
-1.004887e-01 -3.007475e-04 4.874018e-01 -1.715671e-03
-8.991090e-02 -2.216312e-04 4.858796e-01 -1.534032e-03
-7.933315e-02 -1.496166e-04 4.843539e-01 -1.350308e-03
-6.875539e-02 -8.688976e-05 4.828257e-01 -1.167116e-03
-5.817764e-02 -3.063904e-05 4.814856e-01 -1.060972e-03
-4.759989e-02 2.498835e-03 4.810812e-01 -1.114713e-03
-3.702214e-02 9.702295e-03 4.812053e-01 -1.251468e-03
-2.644438e-02 1.690641e-02 4.813293e-01 -1.473736e-03
-1.586663e-02 2.156878e-02 4.814504e-01 -1.680819e-03
-5.288877e-03 2.424046e-02 4.815609e-01 -1.903134e-03
5.288877e-03 2.691317e-02 4.816849e-01 -2.123761e-03
1.586663e-02 2.958566e-02 4.818089e-01 -2.333017e-03
2.644438e-02 3.223989e-02 4.819298e-01 -2.551202e-03
3.702214e-02 3.666758e-02 4.819250e-01 -2.773918e-03
4.759989e-02 4.196984e-02 4.818795e-01 -2.985107e-03
5.817764e-02 4.727172e-02 4.818339e-01 -3.185736e-03
6.875539e-02 5.257533e-02 4.817757e-01 -3.386382e-03
7.933315e-02 5.787657e-02 4.817286e-01 -3.598892e-03
8.991090e-02 6.318038e-02 4.816806e-01 -3.799538e-03
1.004887e-01 6.786681e-02 4.816261e-01 -4.038040e-03
1.110664e-01 7.150425e-02 4.815846e-01 -4.349806e-03
1.216442e-01 7.499985e-02 4.815306e-01 -4.665071e-03
1.322219e-01 7.855343e-02 4.814892e-01 -4.960224e-03
1.427997e-01 8.272224e-02 4.814427e-01 -5.122101e-03
1.533774e-01 8.596735e-02 4.814856e-01 -5.300269e-03
1.639552e-01 8.639389e-02 4.817349e-01 -5.583906e-03
1.745329e-01 8.614763e-02 4.820336e-01 -5.893519e-03
1.851107e-01 1.146407e-02 4.863678e-01 -4.324011e-03
1.956884e-01 1.771100e-03 4.909773e-01 -5.526904e-05
2.062662e-01 1.636081e-03 4.945966e-01 -4.715685e-05
2.168439e-01 5.380233e-02 4.976370e-01 -7.014276e-05
2.274217e-01 7.071026e-02 4.994084e-01 -2.785119e-04
2.379994e-01 6.816320e-02 4.994667e-01 -3.414584e-04
2.485772e-01 6.495928e-02 4.995154e-01 -3.608904e-04
2.591549e-01 6.002261e-02 4.995586e-01 -3.805025e-04
2.697327e-01 5.429324e-02 4.995952e-01 -3.605697e-04
2.803105e-01 4.893999e-02 4.996267e-01 -3.747071e-04
2.908882e-01 4.902648e-02 4.996430e-01 -8.145705e-04
3.014660e-01 4.897674e-02 4.996587e-01 -1.295426e-03
3.120437e-01 4.876019e-02 4.996737e-01 -1.826407e-03
3.226215e-01 4.854488e-02 4.996885e-01 -2.358605e-03
3.331992e-01 4.833006e-02 4.997031e-01 -2.891678e-03
3.437770e-01 4.811546e-02 4.997175e-01 -3.425235e-03
3.543547e-01 4.802332e-02 4.997337e-01 -3.869163e-03
3.649325e-01 4.805353e-02 4.997516e-01 -4.223186e-03
3.755102e-01 4.808385e-02 4.997691e-01 -4.577580e-03
3.860880e-01 4.811427e-02 4.997863e-01 -4.932333e-03
3.966657e-01 4.814481e-02 4.998031e-01 -5.287433e-03
4.072435e-01 4.817546e-02 4.998194e-01 -5.642879e-03
4.178212e-01 4.820623e-02 4.998353e-01 -5.998664e-03
4.283990e-01 4.823712e-02 4.998508e-01 -6.354780e-03
4.389768e-01 4.826814e-02 4.998658e-01 -6.711221e-03
4.495545e-01 4.829929e-02 4.998803e-01 -7.067980e-03
4.601323e-01 4.833057e-02 4.998943e-01 -7.425055e-03
4.707100e-01 4.836200e-02 4.999077e-01 -7.782439e-03
4.812878e-01 4.839357e-02 4.999205e-01 -8.140120e-03
4.918655e-01 4.842528e-02 4.999327e-01 -8.498091e-03
5.024433e-01 4.845715e-02 4.999442e-01 -8.856340e-03
5.130210e-01 4.848918e-02 4.999550e-01 -9.214869e-03
5.235988e-01 4.852137e-02 4.999651e-01 -9.573673e-03
5.759587e-01 4.857839e-02 5.015496e-01 -1.088933e-02
6.283185e-01 4.863673e-02 5.076337e-01 -1.218307e-02
6.806784e-01 4.869653e-02 5.137178e-01 -1.347159e-02
7.330383e-01 4.810745e-02 5.200100e-01 -1.457554e-02
7.853982e-01 4.719383e-02 5.264061e-01 -1.558723e-02
8.377580e-01 4.628080e-02 5.328022e-01 -1.659890e-02
8.901179e-01 4.496965e-02 5.390257e-01 -1.751960e-02
9.424778e-01 4.286132e-02 5.449039e-01 -1.825836e-02
9.948377e-01 4.075323e-02 5.479970e-01 -1.899712e-02
1.047198e+00 3.864541e-02 5.503904e-01 -1.973587e-02
1.099557e+00 3.544416e-02 5.518423e-01 -2.019917e-02
1.151917e+00 3.224300e-02 5.532942e-01 -2.066247e-02
1.204277e+00 2.904195e-02 5.547460e-01 -2.112577e-02
1.256637e+00 2.529976e-02 5.553394e-01 -2.140263e-02
1.308997e+00 2.128699e-02 5.555035e-01 -2.158626e-02
1.361357e+00 1.727421e-02 5.556677e-01 -2.176990e-02
1.413717e+00 1.313915e-02 5.553366e-01 -2.186447e-02
1.466077e+00 8.759453e-03 5.540151e-01 -2.178094e-02
1.518436e+00 4.379721e-03 5.526936e-01 -2.169042e-02
1.570796e+00 -1.912727e-08 5.513720e-01 -2.158414e-02
1.623156e+00 -3.064638e-03 5.526936e-01 -2.230594e-02
1.675516e+00 -6.129268e-03 5.540151e-01 -2.299800e-02
1.727876e+00 -9.193921e-03 5.553366e-01 -2.369007e-02
1.780236e+00 -1.208768e-02 5.556677e-01 -2.417834e-02
1.832596e+00 -1.489604e-02 5.555035e-01 -2.456470e-02
1.884956e+00 -1.770446e-02 5.553394e-01 -2.495107e-02
1.937315e+00 -2.032586e-02 5.547460e-01 -2.522952e-02
1.989675e+00 -2.257329e-02 5.532942e-01 -2.529214e-02
2.042035e+00 -2.482081e-02 5.518423e-01 -2.535477e-02
2.094395e+00 -2.706839e-02 5.503904e-01 -2.541739e-02
2.146755e+00 -2.854429e-02 5.479970e-01 -2.519785e-02
2.199115e+00 -3.002039e-02 5.449039e-01 -2.497831e-02
2.251475e+00 -3.149665e-02 5.390257e-01 -2.475877e-02
2.303835e+00 -3.241105e-02 5.328022e-01 -2.441283e-02
2.356194e+00 -3.304485e-02 5.264060e-01 -2.400371e-02
2.408554e+00 -3.367906e-02 5.200100e-01 -2.359458e-02
2.460914e+00 -3.408746e-02 5.137178e-01 -2.318507e-02
2.513274e+00 -3.404434e-02 5.076337e-01 -2.277480e-02
2.565634e+00 -3.400224e-02 5.015496e-01 -2.236452e-02
2.617994e+00 -3.396106e-02 4.999651e-01 -2.195425e-02
2.670354e+00 -3.385484e-02 4.999083e-01 -2.202009e-02
2.722714e+00 -3.375108e-02 4.998369e-01 -2.208593e-02
2.775074e+00 -3.364942e-02 4.997542e-01 -2.215177e-02
2.827433e+00 -3.106375e-02 4.996801e-01 -2.424176e-02
2.879793e+00 -2.723607e-02 4.996082e-01 -2.734385e-02
2.932153e+00 -2.340943e-02 4.995304e-01 -3.044590e-02
2.984513e+00 -1.877316e-02 4.994620e-01 -2.926259e-02
3.036873e+00 -1.251542e-02 4.994195e-01 -1.950835e-02
3.089233e+00 -6.229174e-03 4.993738e-01 -9.709699e-03
3.141593e+00 0.000000e+00 4.982985e-01 0.000000e+00
