# Angle of attack [rad] 	 Lift coefficient [-] 	 Drag coefficient [-] 	 Moment coefficient [-]
-3.141593e+00 0.000000e+00 5.308379e-02 0.000000e+00
-3.089233e+00 1.249662e-01 5.308379e-02 1.185768e-01
-3.036873e+00 2.529986e-01 6.370030e-02 2.399998e-01
-2.984513e+00 3.794983e-01 9.555018e-02 3.600004e-01
-2.932153e+00 4.987576e-01 1.283214e-01 3.229148e-01
-2.879793e+00 6.152205e-01 1.615532e-01 2.072880e-01
-2.827433e+00 7.270771e-01 1.947855e-01 9.165991e-02
-2.775074e+00 7.932310e-01 2.358464e-01 1.841009e-02
-2.722714e+00 7.682341e-01 2.925644e-01 3.039326e-02
-2.670354e+00 7.433564e-01 3.492825e-01 4.281624e-02
-2.617994e+00 7.184785e-01 4.060006e-01 5.561569e-02
-2.565634e+00 7.039559e-01 4.756515e-01 6.927908e-02
-2.513274e+00 6.894330e-01 5.453024e-01 8.295032e-02
-2.460914e+00 6.749097e-01 6.149536e-01 9.663090e-02
-2.408554e+00 6.562195e-01 6.874184e-01 1.108817e-01
-2.356194e+00 6.354459e-01 7.612900e-01 1.254185e-01
-2.303835e+00 6.146715e-01 8.351618e-01 1.399610e-01
-2.251475e+00 5.901342e-01 9.074153e-01 1.546213e-01
-2.199115e+00 5.580711e-01 9.764321e-01 1.695091e-01
-2.146755e+00 5.260078e-01 1.045448e+00 1.844022e-01
-2.094395e+00 4.939445e-01 1.114464e+00 1.993017e-01
-2.042035e+00 4.507542e-01 1.170114e+00 2.131304e-01
-1.989675e+00 4.075641e-01 1.225764e+00 2.269663e-01
-1.937315e+00 3.643743e-01 1.281413e+00 2.408105e-01
-1.884956e+00 3.159054e-01 1.323534e+00 2.528372e-01
-1.832596e+00 2.647970e-01 1.358889e+00 2.639616e-01
-1.780236e+00 2.136890e-01 1.394244e+00 2.750999e-01
-1.727876e+00 1.616554e-01 1.421338e+00 2.848361e-01
-1.675516e+00 1.077704e-01 1.431912e+00 2.917531e-01
-1.623156e+00 5.388535e-02 1.442486e+00 2.986988e-01
-1.570796e+00 3.363138e-07 1.453060e+00 3.056850e-01
-1.518436e+00 -5.388530e-02 1.442486e+00 3.090602e-01
-1.466077e+00 -1.077705e-01 1.431912e+00 3.126863e-01
-1.413717e+00 -1.616549e-01 1.421339e+00 3.167676e-01
-1.361357e+00 -2.136888e-01 1.394244e+00 3.165405e-01
-1.308997e+00 -2.647973e-01 1.358889e+00 3.142668e-01
-1.256637e+00 -3.159052e-01 1.323534e+00 3.119921e-01
-1.204277e+00 -3.643739e-01 1.281414e+00 3.084960e-01
-1.151917e+00 -4.075643e-01 1.225764e+00 3.025573e-01
-1.099557e+00 -4.507545e-01 1.170114e+00 2.966174e-01
-1.047198e+00 -4.939447e-01 1.114464e+00 2.906764e-01
-9.948377e-01 -5.260080e-01 1.045448e+00 2.829484e-01
-9.424778e-01 -5.580713e-01 9.764317e-01 2.752188e-01
-8.901179e-01 -5.901344e-01 9.074149e-01 2.674872e-01
-8.377580e-01 -6.163497e-01 8.352147e-01 2.599154e-01
-7.853982e-01 -6.396412e-01 7.614230e-01 2.524217e-01
-7.330383e-01 -6.578977e-01 6.874713e-01 2.462044e-01
-6.806784e-01 -6.752451e-01 6.139113e-01 2.405062e-01
-6.283185e-01 -6.900831e-01 5.419412e-01 2.366953e-01
-5.759587e-01 -7.040171e-01 4.725833e-01 2.354429e-01
-5.235988e-01 -7.184786e-01 4.060001e-01 2.370169e-01
-5.130210e-01 -7.217984e-01 3.932214e-01 2.380911e-01
-5.024433e-01 -7.251181e-01 3.804427e-01 2.391654e-01
-4.918655e-01 -7.284378e-01 3.676640e-01 2.402396e-01
-4.812878e-01 -7.321726e-01 3.552936e-01 2.418476e-01
-4.707100e-01 -7.360853e-01 3.430982e-01 2.436843e-01
-4.601323e-01 -7.399980e-01 3.309028e-01 2.455210e-01
-4.495545e-01 -7.442769e-01 3.189652e-01 2.477534e-01
-4.389768e-01 -7.491050e-01 3.074142e-01 2.505794e-01
-4.283990e-01 -7.539332e-01 2.958632e-01 2.534054e-01
-4.178212e-01 -7.588962e-01 2.843822e-01 2.563627e-01
-4.072435e-01 -7.650736e-01 2.735322e-01 2.605020e-01
-3.966657e-01 -7.712509e-01 2.626822e-01 2.647799e-01
-3.860880e-01 -7.774283e-01 2.518321e-01 2.689456e-01
-3.755102e-01 -7.902629e-01 2.418935e-01 2.732490e-01
-3.649325e-01 -8.059060e-01 2.321829e-01 2.772705e-01
-3.543547e-01 -8.194892e-01 2.224722e-01 2.811927e-01
-3.437770e-01 -8.246780e-01 2.130808e-01 2.756322e-01
-3.331992e-01 -8.216200e-01 2.040087e-01 2.606138e-01
-3.226215e-01 -8.181974e-01 1.950107e-01 2.455868e-01
-3.120437e-01 -8.145695e-01 1.860075e-01 2.306486e-01
-3.014660e-01 -8.108148e-01 1.768239e-01 2.157539e-01
-2.908882e-01 -8.069761e-01 1.685930e-01 2.008595e-01
-2.803105e-01 -8.030789e-01 1.604544e-01 1.859654e-01
-2.697327e-01 -7.970007e-01 1.517109e-01 1.713969e-01
-2.591549e-01 -7.895766e-01 1.426253e-01 1.570067e-01
-2.485772e-01 -7.787813e-01 1.327919e-01 1.432016e-01
-2.379994e-01 -7.673574e-01 1.228498e-01 1.294901e-01
-2.274217e-01 -7.554226e-01 1.128238e-01 1.156450e-01
-2.168439e-01 -7.429692e-01 1.028903e-01 1.014491e-01
-2.062662e-01 -7.302446e-01 9.311762e-02 8.724644e-02
-1.956884e-01 -7.172315e-01 8.373832e-02 7.306489e-02
-1.851107e-01 -7.035774e-01 7.457985e-02 5.906222e-02
-1.745329e-01 -6.891051e-01 6.550598e-02 4.516304e-02
-1.639552e-01 -6.762278e-01 5.546922e-02 3.110598e-02
-1.533774e-01 -6.641416e-01 4.523691e-02 1.716231e-02
-1.427997e-01 -6.542169e-01 3.558004e-02 3.421543e-03
-1.322219e-01 -6.146250e-01 2.916668e-02 -3.863414e-03
-1.216442e-01 -5.618419e-01 2.438649e-02 -8.436657e-03
-1.110664e-01 -4.991896e-01 2.066882e-02 -1.379591e-02
-1.004887e-01 -4.346088e-01 1.769326e-02 -1.927294e-02
-8.991090e-02 -3.673484e-01 1.560525e-02 -2.572887e-02
-7.933315e-02 -2.972208e-01 1.389653e-02 -3.247737e-02
-6.875539e-02 -2.258271e-01 1.243328e-02 -3.918858e-02
-5.817764e-02 -1.540505e-01 1.191499e-02 -4.569999e-02
-4.759989e-02 -8.123190e-02 1.137064e-02 -5.163849e-02
-3.702214e-02 -7.149793e-03 1.078594e-02 -5.708011e-02
-2.644438e-02 6.878267e-02 1.050335e-02 -6.204664e-02
-1.586663e-02 1.453699e-01 1.031390e-02 -6.685166e-02
-5.288877e-03 2.230288e-01 1.020943e-02 -7.161763e-02
5.288877e-03 3.012373e-01 1.015645e-02 -7.605365e-02
1.586663e-02 3.800064e-01 1.015449e-02 -8.016853e-02
2.644438e-02 4.592466e-01 1.031951e-02 -8.422924e-02
3.702214e-02 5.384362e-01 1.051582e-02 -8.803056e-02
4.759989e-02 6.170864e-01 1.072346e-02 -9.092216e-02
5.817764e-02 6.947666e-01 1.098924e-02 -9.348514e-02
6.875539e-02 7.716653e-01 1.126748e-02 -9.578019e-02
7.933315e-02 8.464241e-01 1.163537e-02 -9.804942e-02
8.991090e-02 9.201987e-01 1.202137e-02 -1.001665e-01
1.004887e-01 9.917111e-01 1.243255e-02 -1.018493e-01
1.110664e-01 1.060023e+00 1.293735e-02 -1.031826e-01
1.216442e-01 1.126200e+00 1.350519e-02 -1.042811e-01
1.322219e-01 1.186231e+00 1.424460e-02 -1.053235e-01
1.427997e-01 1.243049e+00 1.507026e-02 -1.063308e-01
1.533774e-01 1.293395e+00 1.606810e-02 -1.073207e-01
1.639552e-01 1.336406e+00 1.814675e-02 -1.081079e-01
1.745329e-01 1.374695e+00 2.094388e-02 -1.087700e-01
1.851107e-01 1.391285e+00 2.539736e-02 -1.087044e-01
1.956884e-01 1.392476e+00 3.083450e-02 -1.085111e-01
2.062662e-01 1.365069e+00 3.751195e-02 -1.079690e-01
2.168439e-01 1.339886e+00 4.768215e-02 -1.090708e-01
2.274217e-01 1.285174e+00 5.943925e-02 -1.107472e-01
2.379994e-01 1.256430e+00 7.183865e-02 -1.103094e-01
2.485772e-01 1.229411e+00 8.491470e-02 -1.100768e-01
2.591549e-01 1.205874e+00 9.893019e-02 -1.101324e-01
2.697327e-01 1.189368e+00 1.139248e-01 -1.138107e-01
2.803105e-01 1.175659e+00 1.291763e-01 -1.190715e-01
2.908882e-01 1.166036e+00 1.438019e-01 -1.264202e-01
3.014660e-01 1.159013e+00 1.584129e-01 -1.332983e-01
3.120437e-01 1.155166e+00 1.730059e-01 -1.396013e-01
3.226215e-01 1.160353e+00 1.876060e-01 -1.433182e-01
3.331992e-01 1.164821e+00 2.014718e-01 -1.467231e-01
3.437770e-01 1.152412e+00 2.111647e-01 -1.520239e-01
3.543547e-01 1.141082e+00 2.211097e-01 -1.569863e-01
3.649325e-01 1.130830e+00 2.313070e-01 -1.616352e-01
3.755102e-01 1.120579e+00 2.415043e-01 -1.662928e-01
3.860880e-01 1.110613e+00 2.518321e-01 -1.708024e-01
3.966657e-01 1.101788e+00 2.626822e-01 -1.747270e-01
4.072435e-01 1.092964e+00 2.735322e-01 -1.786576e-01
4.178212e-01 1.084139e+00 2.843822e-01 -1.826232e-01
4.283990e-01 1.077049e+00 2.958632e-01 -1.861559e-01
4.389768e-01 1.070151e+00 3.074142e-01 -1.896404e-01
4.495545e-01 1.063254e+00 3.189652e-01 -1.931250e-01
4.601323e-01 1.057141e+00 3.309028e-01 -1.964225e-01
4.707100e-01 1.051551e+00 3.430982e-01 -1.995953e-01
4.812878e-01 1.045961e+00 3.552936e-01 -2.027681e-01
4.918655e-01 1.040625e+00 3.676640e-01 -2.058792e-01
5.024433e-01 1.035883e+00 3.804427e-01 -2.088465e-01
5.130210e-01 1.031142e+00 3.932214e-01 -2.118138e-01
5.235988e-01 1.026400e+00 4.060001e-01 -2.147810e-01
5.759587e-01 1.005738e+00 4.725833e-01 -2.286290e-01
6.283185e-01 9.858337e-01 5.419412e-01 -2.419444e-01
6.806784e-01 9.646357e-01 6.139113e-01 -2.553595e-01
7.330383e-01 9.398538e-01 6.874713e-01 -2.684028e-01
7.853982e-01 9.137739e-01 7.614230e-01 -2.813220e-01
8.377580e-01 8.804999e-01 8.352147e-01 -2.938299e-01
8.901179e-01 8.430491e-01 9.074149e-01 -3.060924e-01
9.424778e-01 7.972444e-01 9.764317e-01 -3.178783e-01
9.948377e-01 7.514399e-01 1.045448e+00 -3.296538e-01
1.047198e+00 7.056357e-01 1.114464e+00 -3.414199e-01
1.099557e+00 6.439354e-01 1.170114e+00 -3.518242e-01
1.151917e+00 5.822350e-01 1.225764e+00 -3.622187e-01
1.204277e+00 5.205346e-01 1.281414e+00 -3.726040e-01
1.256637e+00 4.512935e-01 1.323534e+00 -3.816548e-01
1.308997e+00 3.782821e-01 1.358889e+00 -3.900320e-01
1.361357e+00 3.052699e-01 1.394244e+00 -3.983986e-01
1.413717e+00 2.309357e-01 1.421339e+00 -4.058623e-01
1.466077e+00 1.539578e-01 1.431912e+00 -4.115289e-01
1.518436e+00 7.697892e-02 1.442486e+00 -4.171825e-01
1.570796e+00 -3.363138e-07 1.453060e+00 -4.228239e-01
1.623156e+00 -5.388535e-02 1.442486e+00 -4.255318e-01
1.675516e+00 -1.077704e-01 1.431912e+00 -4.282399e-01
1.727876e+00 -1.616554e-01 1.421338e+00 -4.309480e-01
1.780236e+00 -2.136890e-01 1.394244e+00 -4.304260e-01
1.832596e+00 -2.647970e-01 1.358889e+00 -4.282889e-01
1.884956e+00 -3.159054e-01 1.323534e+00 -4.261509e-01
1.937315e+00 -3.643743e-01 1.281413e+00 -4.227813e-01
1.989675e+00 -4.075641e-01 1.225764e+00 -4.169482e-01
2.042035e+00 -4.507542e-01 1.170114e+00 -4.111142e-01
2.094395e+00 -4.939445e-01 1.114464e+00 -4.052796e-01
2.146755e+00 -5.260078e-01 1.045448e+00 -3.976359e-01
2.199115e+00 -5.580711e-01 9.764321e-01 -3.899910e-01
2.251475e+00 -5.901342e-01 9.074153e-01 -3.823447e-01
2.303835e+00 -6.146715e-01 8.351618e-01 -3.752901e-01
2.356194e+00 -6.354459e-01 7.612900e-01 -3.685299e-01
2.408554e+00 -6.562195e-01 6.874184e-01 -3.617679e-01
2.460914e+00 -6.749097e-01 6.149536e-01 -3.567863e-01
2.513274e+00 -6.894330e-01 5.453024e-01 -3.553657e-01
2.565634e+00 -7.039559e-01 4.756515e-01 -3.539408e-01
2.617994e+00 -7.184785e-01 4.060006e-01 -3.525116e-01
2.670354e+00 -7.426292e-01 3.494025e-01 -3.679427e-01
2.722714e+00 -7.667799e-01 2.928045e-01 -3.833748e-01
2.775074e+00 -7.910516e-01 2.362066e-01 -3.988079e-01
2.827433e+00 -7.193074e-01 1.956067e-01 -4.231622e-01
2.879793e+00 -5.994226e-01 1.630059e-01 -4.519769e-01
2.932153e+00 -4.729059e-01 1.304049e-01 -4.807907e-01
2.984513e+00 -3.527389e-01 9.780373e-02 -4.500005e-01
3.036873e+00 -2.351591e-01 6.520238e-02 -2.999997e-01
3.089233e+00 -1.162164e-01 5.382590e-02 -1.482210e-01
3.141593e+00 0.000000e+00 5.308379e-02 0.000000e+00
