# Angle of attack [rad] 	 Lift coefficient [-] 	 Drag coefficient [-] 	 Moment coefficient [-]
-3.141593e+00 0.000000e+00 5.309279e-02 0.000000e+00
-3.089233e+00 1.432450e-01 5.698512e-02 1.194527e-01
-3.036873e+00 2.878023e-01 6.096567e-02 2.399998e-01
-2.984513e+00 4.317043e-01 6.497633e-02 3.600004e-01
-2.932153e+00 5.234997e-01 8.509314e-02 3.826386e-01
-2.879793e+00 5.833844e-01 1.133229e-01 3.565966e-01
-2.827433e+00 6.430538e-01 1.416463e-01 3.305543e-01
-2.775074e+00 6.784511e-01 1.780960e-01 3.094701e-01
-2.722714e+00 6.588930e-01 2.307356e-01 2.982732e-01
-2.670354e+00 6.393610e-01 2.835556e-01 2.870224e-01
-2.617994e+00 6.198633e-01 3.366093e-01 2.756970e-01
-2.565634e+00 6.090095e-01 4.012830e-01 2.780626e-01
-2.513274e+00 5.981712e-01 4.638795e-01 2.804087e-01
-2.460914e+00 5.873512e-01 5.264764e-01 2.827317e-01
-2.408554e+00 5.723307e-01 5.916797e-01 2.877608e-01
-2.356194e+00 5.552095e-01 6.581862e-01 2.941478e-01
-2.303835e+00 5.380974e-01 7.246935e-01 3.005294e-01
-2.251475e+00 5.175113e-01 7.898126e-01 3.070497e-01
-2.199115e+00 4.899617e-01 8.521554e-01 3.138579e-01
-2.146755e+00 4.624162e-01 9.144977e-01 3.206657e-01
-2.094395e+00 4.348755e-01 9.768397e-01 3.274733e-01
-2.042035e+00 3.971413e-01 1.027448e+00 3.324488e-01
-1.989675e+00 3.594086e-01 1.078057e+00 3.374229e-01
-1.937315e+00 3.216784e-01 1.128665e+00 3.423955e-01
-1.884956e+00 2.790881e-01 1.167291e+00 3.451060e-01
-1.832596e+00 2.340671e-01 1.199927e+00 3.466788e-01
-1.780236e+00 1.890475e-01 1.232562e+00 3.482396e-01
-1.727876e+00 1.431317e-01 1.257887e+00 3.483404e-01
-1.675516e+00 9.542093e-02 1.268592e+00 3.455252e-01
-1.623156e+00 4.771052e-02 1.279296e+00 3.426532e-01
-1.570796e+00 2.977749e-07 1.290000e+00 3.411715e-01
-1.518436e+00 -4.771047e-02 1.279296e+00 3.348178e-01
-1.466077e+00 -9.542107e-02 1.268592e+00 3.291932e-01
-1.413717e+00 -1.431313e-01 1.257888e+00 3.233009e-01
-1.361357e+00 -1.890473e-01 1.232563e+00 3.142554e-01
-1.308997e+00 -2.340674e-01 1.199927e+00 3.045454e-01
-1.256637e+00 -2.790878e-01 1.167291e+00 2.948354e-01
-1.204277e+00 -3.216780e-01 1.128665e+00 2.843088e-01
-1.151917e+00 -3.594087e-01 1.078057e+00 2.721487e-01
-1.099557e+00 -3.971415e-01 1.027448e+00 2.599887e-01
-1.047198e+00 -4.348757e-01 9.768393e-01 2.478286e-01
-9.948377e-01 -4.624164e-01 9.144973e-01 2.347725e-01
-9.424778e-01 -4.899619e-01 8.521550e-01 2.217163e-01
-8.901179e-01 -5.175115e-01 7.898122e-01 2.086600e-01
-8.377580e-01 -5.380865e-01 7.246936e-01 1.958443e-01
-7.853982e-01 -5.551759e-01 6.581870e-01 1.831489e-01
-7.330383e-01 -5.723140e-01 5.916798e-01 1.704533e-01
-6.806784e-01 -5.873471e-01 5.264763e-01 1.580854e-01
-6.283185e-01 -5.981612e-01 4.638793e-01 1.463725e-01
-5.759587e-01 -6.090085e-01 4.012835e-01 1.346599e-01
-5.235988e-01 -6.198634e-01 3.366089e-01 1.229471e-01
-5.130210e-01 -6.238468e-01 3.258691e-01 1.203134e-01
-5.024433e-01 -6.278388e-01 3.151411e-01 1.176145e-01
-4.918655e-01 -6.318396e-01 3.044242e-01 1.149127e-01
-4.812878e-01 -6.358363e-01 2.937177e-01 1.122079e-01
-4.707100e-01 -6.398339e-01 2.830210e-01 1.094998e-01
-4.601323e-01 -6.438378e-01 2.723338e-01 1.067883e-01
-4.495545e-01 -6.478337e-01 2.616556e-01 1.040731e-01
-4.389768e-01 -6.518119e-01 2.509861e-01 1.013540e-01
-4.283990e-01 -6.557924e-01 2.403247e-01 9.863076e-02
-4.178212e-01 -6.597693e-01 2.296708e-01 9.590325e-02
-4.072435e-01 -6.636938e-01 2.190242e-01 9.317089e-02
-3.966657e-01 -6.676173e-01 2.083846e-01 9.043382e-02
-3.860880e-01 -6.715399e-01 1.977515e-01 8.769191e-02
-3.755102e-01 -6.753914e-01 1.871244e-01 8.494425e-02
-3.649325e-01 -6.792251e-01 1.765032e-01 8.219115e-02
-3.543547e-01 -6.830586e-01 1.658878e-01 7.943263e-02
-3.437770e-01 -6.771794e-01 1.579361e-01 7.502595e-02
-3.331992e-01 -6.615888e-01 1.526514e-01 6.897308e-02
-3.226215e-01 -6.459990e-01 1.473767e-01 6.291697e-02
-3.120437e-01 -6.304079e-01 1.421120e-01 5.685651e-02
-3.014660e-01 -6.148141e-01 1.368573e-01 5.079040e-02
-2.908882e-01 -5.992172e-01 1.316130e-01 4.471751e-02
-2.803105e-01 -5.836166e-01 1.263794e-01 3.863592e-02
-2.697327e-01 -5.680122e-01 1.211568e-01 3.254320e-02
-2.591549e-01 -5.524023e-01 1.159451e-01 2.643500e-02
-2.485772e-01 -5.367858e-01 1.107445e-01 2.030505e-02
-2.379994e-01 -5.211649e-01 1.055568e-01 1.414417e-02
-2.274217e-01 -5.055323e-01 1.003779e-01 7.935327e-03
-2.168439e-01 -4.898962e-01 9.521398e-02 1.732528e-03
-2.062662e-01 -4.742472e-01 9.005954e-02 -4.269397e-03
-1.956884e-01 -4.585914e-01 8.491888e-02 -1.026843e-02
-1.851107e-01 -4.429250e-01 7.979103e-02 -1.626475e-02
-1.745329e-01 -4.272454e-01 7.467432e-02 -2.225643e-02
-1.639552e-01 -3.944501e-01 7.157612e-02 -2.160200e-02
-1.533774e-01 -3.617098e-01 6.850534e-02 -2.093654e-02
-1.427997e-01 -3.290048e-01 6.546091e-02 -2.023034e-02
-1.322219e-01 -2.967195e-01 6.351950e-02 -1.955372e-02
-1.216442e-01 -2.646076e-01 6.226467e-02 -1.890564e-02
-1.110664e-01 -2.325805e-01 6.060800e-02 -1.816895e-02
-1.004887e-01 -2.006332e-01 5.860728e-02 -1.691192e-02
-8.991090e-02 -1.688661e-01 5.622558e-02 -1.655268e-02
-7.933315e-02 -1.374619e-01 5.369294e-02 -1.619770e-02
-6.875539e-02 -1.067585e-01 5.107914e-02 -1.583646e-02
-5.817764e-02 -7.626855e-02 4.846720e-02 -1.561318e-02
-4.759989e-02 -2.304656e-02 4.763182e-02 -1.713701e-02
-3.702214e-02 5.608352e-02 4.799518e-02 -1.970072e-02
-2.644438e-02 1.339733e-01 4.826547e-02 -2.194391e-02
-1.586663e-02 2.110281e-01 4.852549e-02 -2.422439e-02
-5.288877e-03 2.872614e-01 4.881986e-02 -2.644413e-02
5.288877e-03 3.626835e-01 4.903034e-02 -2.866069e-02
1.586663e-02 4.371996e-01 4.922839e-02 -3.092914e-02
2.644438e-02 5.136107e-01 4.938132e-02 -3.316273e-02
3.702214e-02 5.938195e-01 4.943466e-02 -3.563993e-02
4.759989e-02 6.743867e-01 4.931293e-02 -3.830782e-02
5.817764e-02 7.549450e-01 4.917551e-02 -4.102342e-02
6.875539e-02 8.355091e-01 4.910566e-02 -4.373925e-02
7.933315e-02 9.160643e-01 4.893987e-02 -4.638800e-02
8.991090e-02 9.966258e-01 4.878861e-02 -4.910383e-02
1.004887e-01 1.076563e+00 4.866818e-02 -5.188764e-02
1.110664e-01 1.155429e+00 4.845803e-02 -5.473936e-02
1.216442e-01 1.234109e+00 4.831671e-02 -5.763740e-02
1.322219e-01 1.312452e+00 4.803320e-02 -6.063028e-02
1.427997e-01 1.387599e+00 4.774341e-02 -6.422875e-02
1.533774e-01 1.458733e+00 4.762086e-02 -6.808102e-02
1.639552e-01 1.526673e+00 4.741257e-02 -7.212351e-02
1.745329e-01 1.593642e+00 4.695924e-02 -7.621260e-02
1.851107e-01 1.532662e+00 5.177956e-02 -7.641225e-02
1.956884e-01 1.506627e+00 5.811859e-02 -6.224734e-02
2.062662e-01 1.521961e+00 6.470409e-02 -6.385020e-02
2.168439e-01 1.061257e+00 7.270111e-02 -5.066324e-02
2.274217e-01 9.866236e-01 7.995816e-02 -5.021611e-02
2.379994e-01 9.954139e-01 8.642525e-02 -5.253928e-02
2.485772e-01 1.009247e+00 9.218336e-02 -5.503453e-02
2.591549e-01 1.026613e+00 9.757769e-02 -5.760034e-02
2.697327e-01 1.051385e+00 1.022930e-01 -6.017268e-02
2.803105e-01 1.079641e+00 1.071818e-01 -6.306779e-02
2.908882e-01 1.064324e+00 1.154938e-01 -6.887753e-02
3.014660e-01 1.048678e+00 1.237475e-01 -7.479966e-02
3.120437e-01 1.032692e+00 1.319288e-01 -8.085571e-02
3.226215e-01 1.016400e+00 1.401107e-01 -8.696272e-02
3.331992e-01 1.000639e+00 1.482955e-01 -9.306383e-02
3.437770e-01 9.859384e-01 1.564858e-01 -9.911011e-02
3.543547e-01 9.758601e-01 1.658878e-01 -1.037745e-01
3.649325e-01 9.703855e-01 1.765032e-01 -1.070661e-01
3.755102e-01 9.649107e-01 1.871244e-01 -1.103604e-01
3.860880e-01 9.594105e-01 1.977515e-01 -1.136586e-01
3.966657e-01 9.538084e-01 2.083846e-01 -1.169635e-01
4.072435e-01 9.482050e-01 2.190242e-01 -1.202682e-01
4.178212e-01 9.426003e-01 2.296708e-01 -1.235728e-01
4.283990e-01 9.369205e-01 2.403247e-01 -1.268796e-01
4.389768e-01 9.312355e-01 2.509861e-01 -1.301858e-01
4.495545e-01 9.255539e-01 2.616556e-01 -1.334911e-01
4.601323e-01 9.198469e-01 2.723338e-01 -1.367964e-01
4.707100e-01 9.141284e-01 2.830210e-01 -1.401012e-01
4.812878e-01 9.084190e-01 2.937177e-01 -1.434051e-01
4.918655e-01 9.027111e-01 3.044242e-01 -1.467083e-01
5.024433e-01 8.969971e-01 3.151411e-01 -1.500111e-01
5.130210e-01 8.912957e-01 3.258691e-01 -1.533133e-01
5.235988e-01 8.856069e-01 3.366089e-01 -1.566151e-01
5.759587e-01 8.700466e-01 4.012835e-01 -1.688967e-01
6.283185e-01 8.544978e-01 4.638793e-01 -1.808079e-01
6.806784e-01 8.389969e-01 5.264763e-01 -1.926373e-01
7.330383e-01 8.175223e-01 5.916798e-01 -2.039577e-01
7.853982e-01 7.930665e-01 6.581870e-01 -2.150236e-01
8.377580e-01 7.686799e-01 7.246936e-01 -2.260894e-01
8.901179e-01 7.393037e-01 7.898122e-01 -2.369207e-01
9.424778e-01 6.999445e-01 8.521550e-01 -2.472832e-01
9.948377e-01 6.605909e-01 9.144973e-01 -2.576456e-01
1.047198e+00 6.212443e-01 9.768393e-01 -2.680079e-01
1.099557e+00 5.673422e-01 1.027448e+00 -2.772121e-01
1.151917e+00 5.134424e-01 1.078057e+00 -2.864163e-01
1.204277e+00 4.595459e-01 1.128665e+00 -2.956205e-01
1.256637e+00 3.987201e-01 1.167291e+00 -3.036766e-01
1.308997e+00 3.344287e-01 1.199927e+00 -3.111586e-01
1.361357e+00 2.701378e-01 1.232563e+00 -3.186407e-01
1.413717e+00 2.045504e-01 1.257888e+00 -3.253355e-01
1.466077e+00 1.363672e-01 1.268592e+00 -3.304559e-01
1.518436e+00 6.818354e-02 1.279296e+00 -3.354677e-01
1.570796e+00 -2.977749e-07 1.290000e+00 -3.402331e-01
1.623156e+00 -4.771052e-02 1.279296e+00 -3.426052e-01
1.675516e+00 -9.542093e-02 1.268592e+00 -3.445138e-01
1.727876e+00 -1.431317e-01 1.257887e+00 -3.464224e-01
1.780236e+00 -1.890475e-01 1.232562e+00 -3.454742e-01
1.832596e+00 -2.340671e-01 1.199927e+00 -3.430977e-01
1.884956e+00 -2.790881e-01 1.167291e+00 -3.407211e-01
1.937315e+00 -3.216784e-01 1.128665e+00 -3.372673e-01
1.989675e+00 -3.594086e-01 1.078057e+00 -3.316590e-01
2.042035e+00 -3.971413e-01 1.027448e+00 -3.260507e-01
2.094395e+00 -4.348755e-01 9.768397e-01 -3.204424e-01
2.146755e+00 -4.624162e-01 9.144977e-01 -3.132401e-01
2.199115e+00 -4.899617e-01 8.521554e-01 -3.060377e-01
2.251475e+00 -5.175113e-01 7.898126e-01 -2.988352e-01
2.303835e+00 -5.380974e-01 7.246935e-01 -2.921291e-01
2.356194e+00 -5.552095e-01 6.581862e-01 -2.856711e-01
2.408554e+00 -5.723307e-01 5.916797e-01 -2.792132e-01
2.460914e+00 -5.873512e-01 5.264764e-01 -2.742467e-01
2.513274e+00 -5.981712e-01 4.638795e-01 -2.722629e-01
2.565634e+00 -6.090095e-01 4.012830e-01 -2.702791e-01
2.617994e+00 -6.198633e-01 3.366093e-01 -2.682953e-01
2.670354e+00 -6.393610e-01 2.835556e-01 -2.807036e-01
2.722714e+00 -6.588930e-01 2.307356e-01 -2.931120e-01
2.775074e+00 -6.784511e-01 1.780960e-01 -3.055202e-01
2.827433e+00 -6.435017e-01 1.416463e-01 -3.477250e-01
2.879793e+00 -5.883593e-01 1.133229e-01 -4.048284e-01
2.932153e+00 -5.234997e-01 8.509314e-02 -4.619312e-01
2.984513e+00 -4.317043e-01 6.497633e-02 -4.500005e-01
3.036873e+00 -2.878023e-01 6.096567e-02 -2.999997e-01
3.089233e+00 -1.432450e-01 5.698512e-02 -1.493159e-01
3.141593e+00 0.000000e+00 5.309279e-02 0.000000e+00
