# Angle of attack [rad] 	 Lift coefficient [-] 	 Drag coefficient [-] 	 Moment coefficient [-]
-3.141593e+00 0.000000e+00 3.769600e-02 2.000000e-01
-3.089233e+00 1.494718e-01 3.769600e-02 2.000000e-01
-3.036873e+00 3.003129e-01 4.523516e-02 2.399998e-01
-2.984513e+00 4.504703e-01 6.785288e-02 3.600004e-01
-2.932153e+00 5.621413e-01 9.478283e-02 3.001002e-01
-2.879793e+00 6.545695e-01 1.238689e-01 1.502518e-01
-2.827433e+00 7.469988e-01 1.529552e-01 4.015663e-04
-2.775074e+00 7.997870e-01 1.916565e-01 -9.281237e-02
-2.722714e+00 7.732941e-01 2.495873e-01 -7.275569e-02
-2.670354e+00 7.468011e-01 3.075182e-01 -5.269926e-02
-2.617994e+00 7.203080e-01 3.654492e-01 -3.264296e-02
-2.565634e+00 7.055703e-01 4.365043e-01 -1.759326e-02
-2.513274e+00 6.908325e-01 5.075598e-01 -2.543493e-03
-2.460914e+00 6.760946e-01 5.786157e-01 1.250639e-02
-2.408554e+00 6.572417e-01 6.527028e-01 2.780055e-02
-2.356194e+00 6.363312e-01 7.283053e-01 4.321686e-02
-2.303835e+00 6.154205e-01 8.039087e-01 5.863334e-02
-2.251475e+00 5.907618e-01 8.779861e-01 7.420482e-02
-2.199115e+00 5.586070e-01 9.490115e-01 9.008630e-02
-2.146755e+00 5.264521e-01 1.020036e+00 1.059681e-01
-2.094395e+00 4.942971e-01 1.091060e+00 1.218500e-01
-2.042035e+00 4.510465e-01 1.148927e+00 1.369737e-01
-1.989675e+00 4.077960e-01 1.206794e+00 1.520971e-01
-1.937315e+00 3.645459e-01 1.264661e+00 1.672200e-01
-1.884956e+00 3.160342e-01 1.309096e+00 1.807330e-01
-1.832596e+00 2.648917e-01 1.346815e+00 1.934411e-01
-1.780236e+00 2.137492e-01 1.384534e+00 2.061484e-01
-1.727876e+00 1.616888e-01 1.414018e+00 2.175124e-01
-1.675516e+00 1.077923e-01 1.427032e+00 2.261896e-01
-1.623156e+00 5.389620e-02 1.440046e+00 2.348664e-01
-1.570796e+00 3.363815e-07 1.453060e+00 2.435429e-01
-1.518436e+00 -5.389615e-02 1.440046e+00 2.471808e-01
-1.466077e+00 -1.077924e-01 1.427032e+00 2.508186e-01
-1.413717e+00 -1.616883e-01 1.414018e+00 2.544564e-01
-1.361357e+00 -2.137490e-01 1.384534e+00 2.548214e-01
-1.308997e+00 -2.648921e-01 1.346815e+00 2.535500e-01
-1.256637e+00 -3.160339e-01 1.309096e+00 2.522780e-01
-1.204277e+00 -3.645455e-01 1.264661e+00 2.497592e-01
-1.151917e+00 -4.077961e-01 1.206794e+00 2.447468e-01
-1.099557e+00 -4.510467e-01 1.148927e+00 2.397344e-01
-1.047198e+00 -4.942973e-01 1.091059e+00 2.347219e-01
-9.948377e-01 -5.264523e-01 1.020035e+00 2.279594e-01
-9.424778e-01 -5.586072e-01 9.490110e-01 2.211966e-01
-8.901179e-01 -5.907620e-01 8.779856e-01 2.144334e-01
-8.377580e-01 -6.170897e-01 8.039116e-01 2.079570e-01
-7.853982e-01 -6.405039e-01 7.283132e-01 2.016240e-01
-7.330383e-01 -6.589108e-01 6.527056e-01 1.968624e-01
-6.806784e-01 -6.764170e-01 5.775274e-01 1.927145e-01
-6.283185e-01 -6.914421e-01 5.040594e-01 1.907730e-01
-5.759587e-01 -7.055940e-01 4.333187e-01 1.919090e-01
-5.235988e-01 -7.203081e-01 3.654487e-01 1.964650e-01
-5.130210e-01 -7.236871e-01 3.524301e-01 1.983068e-01
-5.024433e-01 -7.270662e-01 3.394115e-01 2.001486e-01
-4.918655e-01 -7.304452e-01 3.263928e-01 2.019904e-01
-4.812878e-01 -7.342450e-01 3.137931e-01 2.044864e-01
-4.707100e-01 -7.382250e-01 3.013729e-01 2.072628e-01
-4.601323e-01 -7.422051e-01 2.889527e-01 2.100393e-01
-4.495545e-01 -7.465555e-01 2.767964e-01 2.133042e-01
-4.389768e-01 -7.514612e-01 2.650359e-01 2.173017e-01
-4.283990e-01 -7.563669e-01 2.532754e-01 2.212992e-01
-4.178212e-01 -7.614087e-01 2.415867e-01 2.254600e-01
-4.072435e-01 -7.676756e-01 2.305432e-01 2.310896e-01
-3.966657e-01 -7.739425e-01 2.194997e-01 2.367192e-01
-3.860880e-01 -7.802094e-01 2.084562e-01 2.423488e-01
-3.755102e-01 -7.880458e-01 1.980289e-01 2.497730e-01
-3.649325e-01 -7.962747e-01 1.877557e-01 2.576458e-01
-3.543547e-01 -8.045037e-01 1.774825e-01 2.655187e-01
-3.437770e-01 -8.137216e-01 1.675143e-01 2.745092e-01
-3.331992e-01 -8.239284e-01 1.578511e-01 2.846172e-01
-3.226215e-01 -8.226468e-01 1.485469e-01 2.829735e-01
-3.120437e-01 -8.192412e-01 1.395551e-01 2.783357e-01
-3.014660e-01 -8.154466e-01 1.315599e-01 2.700131e-01
-2.908882e-01 -8.032964e-01 1.235646e-01 2.530384e-01
-2.803105e-01 -7.843101e-01 1.155693e-01 2.289846e-01
-2.697327e-01 -7.653247e-01 1.075750e-01 2.049316e-01
-2.591549e-01 -7.463389e-01 9.958047e-02 1.808784e-01
-2.485772e-01 -7.273520e-01 9.158519e-02 1.568247e-01
-2.379994e-01 -7.083664e-01 8.359018e-02 1.327718e-01
-2.274217e-01 -6.893790e-01 7.559464e-02 1.087164e-01
-2.168439e-01 -6.703938e-01 6.759965e-02 8.466347e-02
-2.062662e-01 -6.514067e-01 5.960418e-02 6.060918e-02
-1.956884e-01 -6.324215e-01 5.160935e-02 3.655624e-02
-1.851107e-01 -6.134349e-01 4.361393e-02 1.250167e-02
-1.745329e-01 -5.944489e-01 3.561994e-02 -1.155117e-02
-1.639552e-01 -5.754636e-01 2.762496e-02 -3.560501e-02
-1.533774e-01 -5.514037e-01 2.013823e-02 -5.870795e-02
-1.427997e-01 -5.179263e-01 1.359668e-02 -8.004348e-02
-1.322219e-01 -4.480129e-01 1.040621e-02 -9.382024e-02
-1.216442e-01 -3.623066e-01 8.915163e-03 -1.026394e-01
-1.110664e-01 -2.865925e-01 7.490919e-03 -1.053454e-01
-1.004887e-01 -2.116813e-01 7.054543e-03 -1.076243e-01
-8.991090e-02 -1.372783e-01 6.760614e-03 -1.096151e-01
-7.933315e-02 -6.324458e-02 6.518179e-03 -1.114637e-01
-6.875539e-02 1.033270e-02 6.400000e-03 -1.131576e-01
-5.817764e-02 8.373583e-02 6.366663e-03 -1.147000e-01
-4.759989e-02 1.571450e-01 6.300000e-03 -1.162091e-01
-3.702214e-02 2.301321e-01 6.300000e-03 -1.176334e-01
-2.644438e-02 3.032702e-01 6.300000e-03 -1.189667e-01
-1.586663e-02 3.760079e-01 6.300000e-03 -1.204000e-01
-5.288877e-03 4.486196e-01 6.339396e-03 -1.217334e-01
5.288877e-03 5.211622e-01 6.400000e-03 -1.230666e-01
1.586663e-02 5.934830e-01 6.400000e-03 -1.243182e-01
2.644438e-02 6.654995e-01 6.500000e-03 -1.254303e-01
3.702214e-02 7.374498e-01 6.524239e-03 -1.266424e-01
4.759989e-02 8.089823e-01 6.645455e-03 -1.278091e-01
5.817764e-02 8.803976e-01 6.766663e-03 -1.288333e-01
6.875539e-02 9.514218e-01 6.887880e-03 -1.298909e-01
7.933315e-02 1.021863e+00 7.009089e-03 -1.307636e-01
8.991090e-02 1.091896e+00 7.160614e-03 -1.316121e-01
1.004887e-01 1.160800e+00 7.454543e-03 -1.323061e-01
1.110664e-01 1.227201e+00 7.963649e-03 -1.325727e-01
1.216442e-01 1.288025e+00 8.945462e-03 -1.321303e-01
1.322219e-01 1.339323e+00 1.072724e-02 -1.300819e-01
1.427997e-01 1.386792e+00 1.250912e-02 -1.275727e-01
1.533774e-01 1.434426e+00 1.403331e-02 -1.250910e-01
1.639552e-01 1.480725e+00 1.536668e-02 -1.222303e-01
1.745329e-01 1.516200e+00 1.649999e-02 -1.217000e-01
1.851107e-01 1.546527e+00 1.816055e-02 -1.217000e-01
1.956884e-01 1.570152e+00 2.034850e-02 -1.219121e-01
2.062662e-01 1.584663e+00 3.009035e-02 -1.232181e-01
2.168439e-01 1.554391e+00 4.645464e-02 -1.251576e-01
2.274217e-01 1.506971e+00 6.281794e-02 -1.270969e-01
2.379994e-01 1.446362e+00 7.918236e-02 -1.290364e-01
2.485772e-01 1.393030e+00 9.227286e-02 -1.305879e-01
2.591549e-01 1.350605e+00 1.004548e-01 -1.315576e-01
2.697327e-01 1.321818e+00 1.086364e-01 -1.325273e-01
2.803105e-01 1.297576e+00 1.168179e-01 -1.334969e-01
2.908882e-01 1.273334e+00 1.249999e-01 -1.344667e-01
3.014660e-01 1.243636e+00 1.331819e-01 -1.354364e-01
3.120437e-01 1.207272e+00 1.413638e-01 -1.364061e-01
3.226215e-01 1.189930e+00 1.494979e-01 -1.373758e-01
3.331992e-01 1.177043e+00 1.578511e-01 -1.390896e-01
3.437770e-01 1.162461e+00 1.675143e-01 -1.450218e-01
3.543547e-01 1.149293e+00 1.774825e-01 -1.516324e-01
3.649325e-01 1.137538e+00 1.877557e-01 -1.589213e-01
3.755102e-01 1.125783e+00 1.980289e-01 -1.662102e-01
3.860880e-01 1.114589e+00 2.084562e-01 -1.732246e-01
3.966657e-01 1.105634e+00 2.194997e-01 -1.791415e-01
4.072435e-01 1.096680e+00 2.305432e-01 -1.850584e-01
4.178212e-01 1.087725e+00 2.415867e-01 -1.909753e-01
4.283990e-01 1.080522e+00 2.532754e-01 -1.960746e-01
4.389768e-01 1.073513e+00 2.650359e-01 -2.010830e-01
4.495545e-01 1.066504e+00 2.767964e-01 -2.060914e-01
4.601323e-01 1.060289e+00 2.889527e-01 -2.107296e-01
4.707100e-01 1.054604e+00 3.013729e-01 -2.151209e-01
4.812878e-01 1.048919e+00 3.137931e-01 -2.195122e-01
4.918655e-01 1.043492e+00 3.263928e-01 -2.237750e-01
5.024433e-01 1.038665e+00 3.394115e-01 -2.277379e-01
5.130210e-01 1.033837e+00 3.524301e-01 -2.317009e-01
5.235988e-01 1.029010e+00 3.654487e-01 -2.356639e-01
5.759587e-01 1.007995e+00 4.333187e-01 -2.534230e-01
6.283185e-01 9.877742e-01 5.040594e-01 -2.699369e-01
6.806784e-01 9.663100e-01 5.775274e-01 -2.854485e-01
7.330383e-01 9.413011e-01 6.527056e-01 -3.002850e-01
7.853982e-01 9.150059e-01 7.283132e-01 -3.149340e-01
8.377580e-01 8.815567e-01 8.039116e-01 -3.289992e-01
8.901179e-01 8.439454e-01 8.779856e-01 -3.428141e-01
9.424778e-01 7.980098e-01 9.490110e-01 -3.561288e-01
9.948377e-01 7.520741e-01 1.020035e+00 -3.694434e-01
1.047198e+00 7.061384e-01 1.091059e+00 -3.827579e-01
1.099557e+00 6.443526e-01 1.148927e+00 -3.948312e-01
1.151917e+00 5.825665e-01 1.206794e+00 -4.069044e-01
1.204277e+00 5.207799e-01 1.264661e+00 -4.189777e-01
1.256637e+00 4.514774e-01 1.309096e+00 -4.298441e-01
1.308997e+00 3.784171e-01 1.346815e+00 -4.401070e-01
1.361357e+00 3.053559e-01 1.384534e+00 -4.503694e-01
1.413717e+00 2.309838e-01 1.414018e+00 -4.597886e-01
1.466077e+00 1.539898e-01 1.427032e+00 -4.675214e-01
1.518436e+00 7.699493e-02 1.440046e+00 -4.752538e-01
1.570796e+00 -3.363815e-07 1.453060e+00 -4.829860e-01
1.623156e+00 -5.389620e-02 1.440046e+00 -4.866238e-01
1.675516e+00 -1.077923e-01 1.427032e+00 -4.902614e-01
1.727876e+00 -1.616888e-01 1.414018e+00 -4.938986e-01
1.780236e+00 -2.137492e-01 1.384534e+00 -4.942634e-01
1.832596e+00 -2.648917e-01 1.346815e+00 -4.929920e-01
1.884956e+00 -3.160342e-01 1.309096e+00 -4.917200e-01
1.937315e+00 -3.645459e-01 1.264661e+00 -4.892014e-01
1.989675e+00 -4.077960e-01 1.206794e+00 -4.841896e-01
2.042035e+00 -4.510465e-01 1.148927e+00 -4.791774e-01
2.094395e+00 -4.942971e-01 1.091060e+00 -4.741650e-01
2.146755e+00 -5.264521e-01 1.020036e+00 -4.674018e-01
2.199115e+00 -5.586070e-01 9.490115e-01 -4.606386e-01
2.251475e+00 -5.907618e-01 8.779861e-01 -4.538754e-01
2.303835e+00 -6.154205e-01 8.039087e-01 -4.479230e-01
2.356194e+00 -6.363312e-01 7.283053e-01 -4.423759e-01
2.408554e+00 -6.572417e-01 6.527028e-01 -4.368284e-01
2.460914e+00 -6.760946e-01 5.786157e-01 -4.334078e-01
2.513274e+00 -6.908325e-01 5.075598e-01 -4.342412e-01
2.565634e+00 -7.055703e-01 4.365043e-01 -4.350746e-01
2.617994e+00 -7.203080e-01 3.654492e-01 -4.359080e-01
2.670354e+00 -7.468011e-01 3.075182e-01 -4.578051e-01
2.722714e+00 -7.732941e-01 2.495873e-01 -4.797019e-01
2.775074e+00 -7.997870e-01 1.916565e-01 -5.015982e-01
2.827433e+00 -7.407908e-01 1.535608e-01 -5.071178e-01
2.879793e+00 -6.390495e-01 1.253829e-01 -5.044490e-01
2.932153e+00 -5.373087e-01 9.720463e-02 -5.017796e-01
2.984513e+00 -4.225335e-01 7.057728e-02 -4.500005e-01
3.036873e+00 -2.816887e-01 4.705176e-02 -2.999997e-01
3.089233e+00 -1.402023e-01 3.860026e-02 -6.876861e-02
3.141593e+00 0.000000e+00 3.769600e-02 2.000000e-01
