# Angle of attack [rad] 	 Lift coefficient [-] 	 Drag coefficient [-] 	 Moment coefficient [-]
-3.141593e+00 0.000000e+00 5.581510e-02 0.000000e+00
-3.089233e+00 1.084038e-01 5.581510e-02 1.194527e-01
-3.036873e+00 2.178005e-01 6.697806e-02 2.399998e-01
-2.984513e+00 3.267009e-01 1.004673e-01 3.600004e-01
-2.932153e+00 4.356016e-01 1.339563e-01 3.192402e-01
-2.879793e+00 5.445027e-01 1.674451e-01 1.981013e-01
-2.827433e+00 6.534055e-01 2.009338e-01 7.696059e-02
-2.775074e+00 7.270193e-01 2.410900e-01 -6.831103e-03
-2.722714e+00 7.287286e-01 2.945811e-01 -1.483368e-02
-2.670354e+00 7.311423e-01 3.480722e-01 -2.311379e-02
-2.617994e+00 7.355197e-01 4.015634e-01 -3.468698e-02
-2.565634e+00 7.189962e-01 4.713682e-01 -1.847878e-02
-2.513274e+00 7.024723e-01 5.411730e-01 -2.270311e-03
-2.460914e+00 6.859480e-01 6.109780e-01 1.412156e-02
-2.408554e+00 6.657418e-01 6.836203e-01 3.037105e-02
-2.356194e+00 6.436948e-01 7.576812e-01 4.651193e-02
-2.303835e+00 6.216475e-01 8.317425e-01 6.264557e-02
-2.251475e+00 5.959766e-01 9.041960e-01 7.884325e-02
-2.199115e+00 5.630589e-01 9.734343e-01 9.517827e-02
-2.146755e+00 5.301414e-01 1.042672e+00 1.115100e-01
-2.094395e+00 4.972240e-01 1.111910e+00 1.278388e-01
-2.042035e+00 4.534743e-01 1.167800e+00 1.432835e-01
-1.989675e+00 4.097247e-01 1.223690e+00 1.587265e-01
-1.937315e+00 3.659755e-01 1.279580e+00 1.741676e-01
-1.884956e+00 3.171070e-01 1.321953e+00 1.879449e-01
-1.832596e+00 2.656788e-01 1.357568e+00 2.008901e-01
-1.780236e+00 2.142506e-01 1.393183e+00 2.138339e-01
-1.727876e+00 1.619687e-01 1.420539e+00 2.254103e-01
-1.675516e+00 1.079792e-01 1.431380e+00 2.342530e-01
-1.623156e+00 5.398978e-02 1.442220e+00 2.430949e-01
-1.570796e+00 3.369655e-07 1.453060e+00 2.519365e-01
-1.518436e+00 -5.398972e-02 1.442220e+00 2.569316e-01
-1.466077e+00 -1.079794e-01 1.431379e+00 2.619010e-01
-1.413717e+00 -1.619682e-01 1.420539e+00 2.668454e-01
-1.361357e+00 -2.142504e-01 1.393183e+00 2.684797e-01
-1.308997e+00 -2.656791e-01 1.357568e+00 2.684479e-01
-1.256637e+00 -3.171067e-01 1.321953e+00 2.683929e-01
-1.204277e+00 -3.659751e-01 1.279580e+00 2.670438e-01
-1.151917e+00 -4.097248e-01 1.223690e+00 2.631303e-01
-1.099557e+00 -4.534746e-01 1.167800e+00 2.591971e-01
-1.047198e+00 -4.972242e-01 1.111909e+00 2.552447e-01
-9.948377e-01 -5.301416e-01 1.042672e+00 2.494549e-01
-9.424778e-01 -5.630591e-01 9.734338e-01 2.436468e-01
-8.901179e-01 -5.959769e-01 9.041956e-01 2.378206e-01
-8.377580e-01 -6.232393e-01 8.317897e-01 2.322664e-01
-7.853982e-01 -6.476742e-01 7.578001e-01 2.268369e-01
-7.330383e-01 -6.673337e-01 6.836675e-01 2.230296e-01
-6.806784e-01 -6.861600e-01 6.099304e-01 2.199181e-01
-6.283185e-01 -7.027335e-01 5.377963e-01 2.193903e-01
-5.759587e-01 -7.187073e-01 4.682867e-01 2.222260e-01
-5.235988e-01 -7.355198e-01 4.015630e-01 2.288279e-01
-5.130210e-01 -7.393923e-01 3.887580e-01 2.311823e-01
-5.024433e-01 -7.432647e-01 3.759531e-01 2.335368e-01
-4.918655e-01 -7.471372e-01 3.631482e-01 2.358912e-01
-4.812878e-01 -7.514769e-01 3.507528e-01 2.389748e-01
-4.707100e-01 -7.560169e-01 3.385328e-01 2.423710e-01
-4.601323e-01 -7.605568e-01 3.263129e-01 2.457672e-01
-4.495545e-01 -7.655000e-01 3.143514e-01 2.497103e-01
-4.389768e-01 -7.710479e-01 3.027775e-01 2.544736e-01
-4.283990e-01 -7.765958e-01 2.912035e-01 2.592369e-01
-4.178212e-01 -7.824480e-01 2.796929e-01 2.629930e-01
-4.072435e-01 -7.910379e-01 2.687515e-01 2.576843e-01
-3.966657e-01 -7.996279e-01 2.578102e-01 2.532553e-01
-3.860880e-01 -8.082179e-01 2.468689e-01 2.476844e-01
-3.755102e-01 -8.199905e-01 2.362220e-01 2.315045e-01
-3.649325e-01 -8.346480e-01 2.256487e-01 2.137020e-01
-3.543547e-01 -8.491325e-01 2.150754e-01 1.959604e-01
-3.437770e-01 -8.625787e-01 2.045024e-01 1.782433e-01
-3.331992e-01 -8.755493e-01 1.939297e-01 1.605359e-01
-3.226215e-01 -8.898155e-01 1.836954e-01 1.428352e-01
-3.120437e-01 -9.043364e-01 1.740275e-01 1.246491e-01
-3.014660e-01 -9.188974e-01 1.641948e-01 1.062486e-01
-2.908882e-01 -9.343937e-01 1.540848e-01 8.786851e-02
-2.803105e-01 -9.505366e-01 1.437644e-01 6.951336e-02
-2.697327e-01 -9.647348e-01 1.331174e-01 5.218606e-02
-2.591549e-01 -9.773919e-01 1.222861e-01 3.543431e-02
-2.485772e-01 -9.859912e-01 1.111830e-01 1.934417e-02
-2.379994e-01 -9.925088e-01 1.000227e-01 1.861138e-03
-2.274217e-01 -9.966145e-01 8.881168e-02 -1.561410e-02
-2.168439e-01 -9.780861e-01 7.527919e-02 -2.491860e-02
-2.062662e-01 -9.539321e-01 6.202734e-02 -3.177211e-02
-1.956884e-01 -9.208761e-01 5.071439e-02 -3.390286e-02
-1.851107e-01 -8.815771e-01 4.142923e-02 -3.790211e-02
-1.745329e-01 -8.392088e-01 3.314026e-02 -4.291113e-02
-1.639552e-01 -7.989144e-01 2.632349e-02 -4.780207e-02
-1.533774e-01 -7.516572e-01 2.003897e-02 -5.402505e-02
-1.427997e-01 -6.936796e-01 1.483085e-02 -6.342073e-02
-1.322219e-01 -6.212032e-01 1.234366e-02 -7.090028e-02
-1.216442e-01 -5.428461e-01 1.088678e-02 -7.763816e-02
-1.110664e-01 -4.572487e-01 1.006995e-02 -8.518355e-02
-1.004887e-01 -3.717728e-01 9.349663e-03 -9.221497e-02
-8.991090e-02 -2.865103e-01 8.937275e-03 -9.834194e-02
-7.933315e-02 -2.028005e-01 8.690692e-03 -1.031070e-01
-6.875539e-02 -1.197792e-01 8.485748e-03 -1.073880e-01
-5.817764e-02 -3.848422e-02 8.258639e-03 -1.110245e-01
-4.759989e-02 4.246961e-02 8.079126e-03 -1.142320e-01
-3.702214e-02 1.226560e-01 7.942124e-03 -1.173446e-01
-2.644438e-02 2.015137e-01 7.865897e-03 -1.198027e-01
-1.586663e-02 2.794237e-01 7.841448e-03 -1.220959e-01
-5.288877e-03 3.553132e-01 7.926271e-03 -1.241669e-01
5.288877e-03 4.313486e-01 7.966351e-03 -1.261357e-01
1.586663e-02 5.076415e-01 7.972557e-03 -1.278710e-01
2.644438e-02 5.839481e-01 7.966699e-03 -1.295286e-01
3.702214e-02 6.600759e-01 8.135875e-03 -1.310617e-01
4.759989e-02 7.355276e-01 8.302977e-03 -1.325166e-01
5.817764e-02 8.099802e-01 8.454803e-03 -1.338341e-01
6.875539e-02 8.840453e-01 8.608876e-03 -1.349994e-01
7.933315e-02 9.575335e-01 8.812103e-03 -1.358957e-01
8.991090e-02 1.030358e+00 9.043759e-03 -1.366301e-01
1.004887e-01 1.101314e+00 9.339940e-03 -1.369514e-01
1.110664e-01 1.168911e+00 9.678338e-03 -1.367576e-01
1.216442e-01 1.234653e+00 1.000879e-02 -1.362193e-01
1.322219e-01 1.285757e+00 1.072107e-02 -1.335374e-01
1.427997e-01 1.328228e+00 1.193909e-02 -1.299716e-01
1.533774e-01 1.354083e+00 1.394815e-02 -1.245161e-01
1.639552e-01 1.344304e+00 2.277264e-02 -1.226928e-01
1.745329e-01 1.312241e+00 3.525341e-02 -1.226563e-01
1.851107e-01 1.227011e+00 4.622299e-02 -1.216368e-01
1.956884e-01 1.162196e+00 5.502234e-02 -1.186820e-01
2.062662e-01 1.135304e+00 5.979156e-02 -1.129856e-01
2.168439e-01 1.116006e+00 6.748617e-02 -1.095107e-01
2.274217e-01 1.099833e+00 7.649365e-02 -1.060918e-01
2.379994e-01 1.107103e+00 8.650138e-02 -1.075926e-01
2.485772e-01 1.109384e+00 9.677164e-02 -1.093947e-01
2.591549e-01 1.110618e+00 1.074246e-01 -1.115140e-01
2.697327e-01 1.110823e+00 1.165710e-01 -1.121314e-01
2.803105e-01 1.110336e+00 1.250852e-01 -1.123613e-01
2.908882e-01 1.106099e+00 1.324270e-01 -1.117634e-01
3.014660e-01 1.106091e+00 1.413095e-01 -1.121965e-01
3.120437e-01 1.111681e+00 1.520751e-01 -1.138785e-01
3.226215e-01 1.117996e+00 1.644650e-01 -1.173351e-01
3.331992e-01 1.124279e+00 1.770942e-01 -1.211332e-01
3.437770e-01 1.130083e+00 1.887788e-01 -1.243549e-01
3.543547e-01 1.135654e+00 2.019825e-01 -1.285064e-01
3.649325e-01 1.140151e+00 2.167052e-01 -1.334146e-01
3.755102e-01 1.142875e+00 2.314280e-01 -1.382697e-01
3.860880e-01 1.143326e+00 2.454837e-01 -1.435300e-01
3.966657e-01 1.134691e+00 2.568718e-01 -1.504067e-01
4.072435e-01 1.126056e+00 2.682600e-01 -1.572390e-01
4.178212e-01 1.117421e+00 2.796482e-01 -1.638934e-01
4.283990e-01 1.109424e+00 2.912035e-01 -1.696561e-01
4.389768e-01 1.101498e+00 3.027775e-01 -1.753280e-01
4.495545e-01 1.093573e+00 3.143514e-01 -1.810096e-01
4.601323e-01 1.086511e+00 3.263129e-01 -1.862498e-01
4.707100e-01 1.080025e+00 3.385328e-01 -1.911960e-01
4.812878e-01 1.073540e+00 3.507528e-01 -1.961483e-01
4.918655e-01 1.067340e+00 3.631482e-01 -2.009475e-01
5.024433e-01 1.061809e+00 3.759531e-01 -2.053798e-01
5.130210e-01 1.056277e+00 3.887580e-01 -2.098161e-01
5.235988e-01 1.050746e+00 4.015630e-01 -2.142566e-01
5.759587e-01 1.026723e+00 4.682867e-01 -2.339233e-01
6.283185e-01 1.003904e+00 5.377963e-01 -2.520233e-01
6.806784e-01 9.802287e-01 6.099304e-01 -2.688774e-01
7.330383e-01 9.533341e-01 6.836675e-01 -2.848017e-01
7.853982e-01 9.252497e-01 7.578001e-01 -3.004712e-01
8.377580e-01 8.903424e-01 8.317897e-01 -3.153327e-01
8.901179e-01 8.513958e-01 9.041956e-01 -3.298759e-01
9.424778e-01 8.043706e-01 9.734338e-01 -3.437747e-01
9.948377e-01 7.573454e-01 1.042672e+00 -3.576762e-01
1.047198e+00 7.103201e-01 1.111909e+00 -3.715811e-01
1.099557e+00 6.478207e-01 1.167800e+00 -3.840508e-01
1.151917e+00 5.853210e-01 1.223690e+00 -3.965217e-01
1.204277e+00 5.228214e-01 1.279580e+00 -4.089938e-01
1.256637e+00 4.530094e-01 1.321953e+00 -4.201715e-01
1.308997e+00 3.795412e-01 1.357568e+00 -4.307019e-01
1.361357e+00 3.060716e-01 1.393183e+00 -4.412325e-01
1.413717e+00 2.313828e-01 1.420539e+00 -4.508872e-01
1.466077e+00 1.542555e-01 1.431379e+00 -4.587892e-01
1.518436e+00 7.712768e-02 1.442220e+00 -4.666909e-01
1.570796e+00 -3.369655e-07 1.453060e+00 -4.745925e-01
1.623156e+00 -5.398978e-02 1.442220e+00 -4.796140e-01
1.675516e+00 -1.079792e-01 1.431380e+00 -4.846625e-01
1.727876e+00 -1.619687e-01 1.420539e+00 -4.897387e-01
1.780236e+00 -2.142506e-01 1.393183e+00 -4.915566e-01
1.832596e+00 -2.656788e-01 1.357568e+00 -4.917599e-01
1.884956e+00 -3.171070e-01 1.321953e+00 -4.918082e-01
1.937315e+00 -3.659755e-01 1.279580e+00 -4.904813e-01
1.989675e+00 -4.097247e-01 1.223690e+00 -4.866106e-01
2.042035e+00 -4.534743e-01 1.167800e+00 -4.827394e-01
2.094395e+00 -4.972240e-01 1.111910e+00 -4.788679e-01
2.146755e+00 -5.301414e-01 1.042672e+00 -4.731809e-01
2.199115e+00 -5.630589e-01 9.734343e-01 -4.674935e-01
2.251475e+00 -5.959766e-01 9.041960e-01 -4.618057e-01
2.303835e+00 -6.216475e-01 8.317425e-01 -4.569788e-01
2.356194e+00 -6.436948e-01 7.576812e-01 -4.525823e-01
2.408554e+00 -6.657418e-01 6.836203e-01 -4.481857e-01
2.460914e+00 -6.859480e-01 6.109780e-01 -4.461024e-01
2.513274e+00 -7.024723e-01 5.411730e-01 -4.486455e-01
2.565634e+00 -7.189962e-01 4.713682e-01 -4.511884e-01
2.617994e+00 -7.355197e-01 4.015634e-01 -4.537312e-01
2.670354e+00 -7.200413e-01 3.494965e-01 -4.673358e-01
2.722714e+00 -7.074040e-01 2.974296e-01 -4.809393e-01
2.775074e+00 -6.951027e-01 2.453628e-01 -4.933746e-01
2.827433e+00 -6.214875e-01 2.052066e-01 -4.979772e-01
2.879793e+00 -5.179059e-01 1.710058e-01 -4.987357e-01
2.932153e+00 -4.143248e-01 1.368048e-01 -4.994943e-01
2.984513e+00 -3.107436e-01 1.026037e-01 -4.500005e-01
3.036873e+00 -2.071620e-01 6.840234e-02 -2.999997e-01
3.089233e+00 -1.031088e-01 5.652400e-02 -1.493159e-01
3.141593e+00 0.000000e+00 5.581510e-02 0.000000e+00
