#    x      y     HH    Yaw Diameter Thickness Axial_Induction
-1500       0   80.0    0.0    126.0      10.5            0.33
 -900     300   80.0    0.0    126.0      10.5            0.33
 -900       0   80.0    0.0    126.0      10.5            0.33
 -900    -300   80.0    0.0    126.0      10.5            0.33
 -300     600   80.0    0.0    126.0      10.5            0.33
 -300     300   80.0    0.0    126.0      10.5            0.33
 -300     000   80.0    0.0    126.0      10.5            0.33
 -300    -300   80.0    0.0    126.0      10.5            0.33
 -300    -600   80.0    0.0    126.0      10.5            0.33
  300     900   80.0    0.0    126.0      10.5            0.33
  300     600   80.0    0.0    126.0      10.5            0.33
  300     300   80.0    0.0    126.0      10.5            0.33
  300       0   80.0    0.0    126.0      10.5            0.33
  300    -300   80.0    0.0    126.0      10.5            0.33
  300    -600   80.0    0.0    126.0      10.5            0.33
  300    -900   80.0    0.0    126.0      10.5            0.33
  900    1200   80.0    0.0    126.0      10.5            0.33
  900     900   80.0    0.0    126.0      10.5            0.33
  900     600   80.0    0.0    126.0      10.5            0.33
  900     300   80.0    0.0    126.0      10.5            0.33
  900       0   80.0    0.0    126.0      10.5            0.33
  900    -300   80.0    0.0    126.0      10.5            0.33
  900    -600   80.0    0.0    126.0      10.5            0.33
  900    -900   80.0    0.0    126.0      10.5            0.33
  900   -1200   80.0    0.0    126.0      10.5            0.33
 1500    1500   80.0    0.0    126.0      10.5            0.33
 1500    1200   80.0    0.0    126.0      10.5            0.33
 1500     900   80.0    0.0    126.0      10.5            0.33
 1500     600   80.0    0.0    126.0      10.5            0.33
 1500     300   80.0    0.0    126.0      10.5            0.33
 1500       0   80.0    0.0    126.0      10.5            0.33
 1500    -300   80.0    0.0    126.0      10.5            0.33
 1500    -600   80.0    0.0    126.0      10.5            0.33
 1500    -900   80.0    0.0    126.0      10.5            0.33
 1500   -1200   80.0    0.0    126.0      10.5            0.33
 1500   -1500   80.0    0.0    126.0      10.5            0.33
