-1500      0 8.000000000000000000e+01 0.000000000000000000e+00 1.260000000000000000e+02 1.050000000000000000e+01 3.300000000000000155e-01
 -900    300 8.000000000000000000e+01 0.000000000000000000e+00 1.260000000000000000e+02 1.050000000000000000e+01 3.300000000000000155e-01
 -900      0 8.000000000000000000e+01 0.000000000000000000e+00 1.260000000000000000e+02 1.050000000000000000e+01 3.300000000000000155e-01
 -900   -300 8.000000000000000000e+01 0.000000000000000000e+00 1.260000000000000000e+02 1.050000000000000000e+01 3.300000000000000155e-01
 -300    600 8.000000000000000000e+01 0.000000000000000000e+00 1.260000000000000000e+02 1.050000000000000000e+01 3.300000000000000155e-01
 -300    300 8.000000000000000000e+01 0.000000000000000000e+00 1.260000000000000000e+02 1.050000000000000000e+01 3.300000000000000155e-01
 -300    000 8.000000000000000000e+01 0.000000000000000000e+00 1.260000000000000000e+02 1.050000000000000000e+01 3.300000000000000155e-01
 -300   -300 8.000000000000000000e+01 0.000000000000000000e+00 1.260000000000000000e+02 1.050000000000000000e+01 3.300000000000000155e-01
 -300   -600 8.000000000000000000e+01 0.000000000000000000e+00 1.260000000000000000e+02 1.050000000000000000e+01 3.300000000000000155e-01
  300    900 8.000000000000000000e+01 0.000000000000000000e+00 1.260000000000000000e+02 1.050000000000000000e+01 3.300000000000000155e-01
  300    600 8.000000000000000000e+01 0.000000000000000000e+00 1.260000000000000000e+02 1.050000000000000000e+01 3.300000000000000155e-01
  300    300 8.000000000000000000e+01 0.000000000000000000e+00 1.260000000000000000e+02 1.050000000000000000e+01 3.300000000000000155e-01
  300      0 8.000000000000000000e+01 0.000000000000000000e+00 1.260000000000000000e+02 1.050000000000000000e+01 3.300000000000000155e-01
  300   -300 8.000000000000000000e+01 0.000000000000000000e+00 1.260000000000000000e+02 1.050000000000000000e+01 3.300000000000000155e-01
  300   -600 8.000000000000000000e+01 0.000000000000000000e+00 1.260000000000000000e+02 1.050000000000000000e+01 3.300000000000000155e-01
  300   -900 8.000000000000000000e+01 0.000000000000000000e+00 1.260000000000000000e+02 1.050000000000000000e+01 3.300000000000000155e-01
  900   1200 8.000000000000000000e+01 0.000000000000000000e+00 1.260000000000000000e+02 1.050000000000000000e+01 3.300000000000000155e-01
  900    900 8.000000000000000000e+01 0.000000000000000000e+00 1.260000000000000000e+02 1.050000000000000000e+01 3.300000000000000155e-01
  900    600 8.000000000000000000e+01 0.000000000000000000e+00 1.260000000000000000e+02 1.050000000000000000e+01 3.300000000000000155e-01
  900    300 8.000000000000000000e+01 0.000000000000000000e+00 1.260000000000000000e+02 1.050000000000000000e+01 3.300000000000000155e-01
  900      0 8.000000000000000000e+01 0.000000000000000000e+00 1.260000000000000000e+02 1.050000000000000000e+01 3.300000000000000155e-01
  900   -300 8.000000000000000000e+01 0.000000000000000000e+00 1.260000000000000000e+02 1.050000000000000000e+01 3.300000000000000155e-01
  900   -600 8.000000000000000000e+01 0.000000000000000000e+00 1.260000000000000000e+02 1.050000000000000000e+01 3.300000000000000155e-01
  900   -900 8.000000000000000000e+01 0.000000000000000000e+00 1.260000000000000000e+02 1.050000000000000000e+01 3.300000000000000155e-01
  900  -1200 8.000000000000000000e+01 0.000000000000000000e+00 1.260000000000000000e+02 1.050000000000000000e+01 3.300000000000000155e-01
 1500   1500 8.000000000000000000e+01 0.000000000000000000e+00 1.260000000000000000e+02 1.050000000000000000e+01 3.300000000000000155e-01
 1500   1200 8.000000000000000000e+01 0.000000000000000000e+00 1.260000000000000000e+02 1.050000000000000000e+01 3.300000000000000155e-01
 1500    900 8.000000000000000000e+01 0.000000000000000000e+00 1.260000000000000000e+02 1.050000000000000000e+01 3.300000000000000155e-01
 1500    600 8.000000000000000000e+01 0.000000000000000000e+00 1.260000000000000000e+02 1.050000000000000000e+01 3.300000000000000155e-01
 1500    300 8.000000000000000000e+01 0.000000000000000000e+00 1.260000000000000000e+02 1.050000000000000000e+01 3.300000000000000155e-01
 1500      0 8.000000000000000000e+01 0.000000000000000000e+00 1.260000000000000000e+02 1.050000000000000000e+01 3.300000000000000155e-01
 1500   -300 8.000000000000000000e+01 0.000000000000000000e+00 1.260000000000000000e+02 1.050000000000000000e+01 3.300000000000000155e-01
 1500   -600 8.000000000000000000e+01 0.000000000000000000e+00 1.260000000000000000e+02 1.050000000000000000e+01 3.300000000000000155e-01
 1500   -900 8.000000000000000000e+01 0.000000000000000000e+00 1.260000000000000000e+02 1.050000000000000000e+01 3.300000000000000155e-01
 1500  -1200 8.000000000000000000e+01 0.000000000000000000e+00 1.260000000000000000e+02 1.050000000000000000e+01 3.300000000000000155e-01
 1500  -1500 8.000000000000000000e+01 0.000000000000000000e+00 1.260000000000000000e+02 1.050000000000000000e+01 3.300000000000000155e-01
