# Angle of attack [rad] 	 Lift coefficient [-] 	 Drag coefficient [-] 	 Moment coefficient [-]
-3.141592653589793116e+00 0.000000000000000000e+00 2.019999999999999921e-02 0.000000000000000000e+00
-3.054326190990076739e+00 3.679999999999999938e-01 3.239999999999999825e-02 1.844999999999999973e-01
-2.967059728390360362e+00 7.349999999999999867e-01 9.429999999999999494e-02 3.700999999999999845e-01
-2.792526803190927165e+00 6.949999999999999512e-01 2.847999999999999976e-01 2.679000000000000270e-01
-2.705260340591210788e+00 7.770000000000000240e-01 4.001000000000000112e-01 3.045999999999999819e-01
-2.617993877991494411e+00 8.279999999999999583e-01 5.214999999999999636e-01 3.328999999999999737e-01
-2.530727415391778035e+00 8.499999999999999778e-01 6.447000000000000508e-01 3.539999999999999813e-01
-2.443460952792061214e+00 8.459999999999999742e-01 7.660000000000000142e-01 3.693000000000000171e-01
-2.356194490192344837e+00 8.179999999999999494e-01 8.822999999999999732e-01 3.794000000000000150e-01
-2.268928027592628460e+00 7.710000000000000187e-01 9.910999999999999810e-01 3.854000000000000203e-01
-2.181661564992912083e+00 7.049999999999999600e-01 1.090500000000000025e+00 3.877999999999999781e-01
-2.094395102393195263e+00 6.239999999999999991e-01 1.178700000000000081e+00 3.871999999999999886e-01
-2.007128639793478886e+00 5.300000000000000266e-01 1.254499999999999948e+00 3.840999999999999970e-01
-1.919862177193762509e+00 4.259999999999999898e-01 1.316799999999999971e+00 3.788000000000000256e-01
-1.832595714594046132e+00 3.140000000000000013e-01 1.364999999999999991e+00 3.715999999999999859e-01
-1.745329251994329534e+00 1.950000000000000067e-01 1.398400000000000087e+00 3.629000000000000004e-01
-1.658062789394613157e+00 7.299999999999999545e-02 1.416900000000000048e+00 3.528999999999999915e-01
-1.570796326794896558e+00 -5.000000000000000278e-02 1.420099999999999918e+00 3.416000000000000147e-01
-1.483529864195180181e+00 -1.729999999999999871e-01 1.408099999999999907e+00 3.291999999999999926e-01
-1.396263401595463582e+00 -2.939999999999999836e-01 1.381099999999999994e+00 3.159000000000000141e-01
-1.308996938995747206e+00 -4.089999999999999747e-01 1.339399999999999924e+00 3.017000000000000237e-01
-1.221730476396030607e+00 -5.180000000000000160e-01 1.283300000000000107e+00 2.866000000000000214e-01
-1.134464013796314230e+00 -6.169999999999999929e-01 1.213799999999999990e+00 2.706999999999999962e-01
-1.047197551196597631e+00 -7.059999999999999609e-01 1.131499999999999950e+00 2.539000000000000146e-01
-9.599310885968812546e-01 -7.800000000000000266e-01 1.037800000000000056e+00 2.363999999999999990e-01
-8.726646259971647668e-01 -8.389999999999999680e-01 9.341000000000000414e-01 2.180999999999999883e-01
-7.853981633974482790e-01 -8.790000000000000036e-01 8.221000000000000529e-01 1.990999999999999992e-01
-6.981317007977317912e-01 -8.980000000000000204e-01 7.042000000000000481e-01 1.791999999999999982e-01
-6.108652381980153034e-01 -8.930000000000000160e-01 5.828999999999999737e-01 1.587000000000000077e-01
-5.235987755982988157e-01 -8.619999999999999885e-01 4.616000000000000103e-01 1.373999999999999944e-01
-4.363323129985823834e-01 -8.030000000000000471e-01 3.441000000000000170e-01 1.154000000000000026e-01
-4.188790204786391191e-01 -7.920000000000000373e-01 3.209000000000000186e-01 1.101000000000000034e-01
-4.014257279586957994e-01 -7.890000000000000346e-01 2.972000000000000197e-01 1.030999999999999972e-01
-3.839724354387524796e-01 -7.920000000000000373e-01 2.730000000000000204e-01 9.470000000000000639e-02
-3.665191429188092154e-01 -8.010000000000000453e-01 2.484999999999999987e-01 8.490000000000000324e-02
-3.490658503988658956e-01 -8.149999999999999467e-01 2.237000000000000099e-01 7.389999999999999347e-02
-3.316125578789226314e-01 -8.329999999999999627e-01 1.990000000000000102e-01 6.180000000000000077e-02
-3.141592653589793116e-01 -8.539999999999999813e-01 1.743000000000000105e-01 4.880000000000000310e-02
-2.967059728390360474e-01 -8.790000000000000036e-01 1.497999999999999887e-01 3.509999999999999926e-02
-2.792526803190927276e-01 -9.050000000000000266e-01 1.255999999999999894e-01 2.079999999999999905e-02
-2.617993877991494078e-01 -9.320000000000000506e-01 1.019999999999999934e-01 6.000000000000000125e-03
-2.443460952792061436e-01 -9.589999999999999636e-01 7.889999999999999791e-02 -9.100000000000000450e-03
-2.268928027592628516e-01 -9.849999999999999867e-01 5.670000000000000040e-02 -2.429999999999999868e-02
-2.096140431645189817e-01 -9.529999999999999583e-01 2.709999999999999909e-02 -3.490000000000000047e-02
-1.919862177193762398e-01 -9.000000000000000222e-01 3.030000000000000054e-02 -3.610000000000000014e-02
-1.741838593490341036e-01 -8.269999999999999574e-01 2.869999999999999982e-02 -4.639999999999999680e-02
-1.567305668290908116e-01 -7.530000000000000027e-01 2.709999999999999909e-02 -5.340000000000000302e-02
-1.478293876439197296e-01 -6.909999999999999476e-01 2.639999999999999986e-02 -6.500000000000000222e-02
-1.300270292735775657e-01 -5.550000000000000488e-01 1.140000000000000041e-02 -7.820000000000000562e-02
-1.120501379780359519e-01 -4.129999999999999782e-01 9.400000000000000369e-03 -9.039999999999999425e-02
-9.424777960769380181e-02 -2.710000000000000187e-01 8.600000000000000006e-03 -1.005999999999999950e-01
-8.726646259971647390e-02 -2.200000000000000011e-01 7.300000000000000065e-03 -1.107000000000000067e-01
-7.853981633974482790e-02 -1.519999999999999962e-01 7.100000000000000408e-03 -1.135000000000000037e-01
-6.981317007977318190e-02 -8.400000000000000522e-02 7.000000000000000146e-03 -1.161999999999999977e-01
-6.108652381980153590e-02 -1.799999999999999864e-02 6.899999999999999883e-03 -1.185999999999999971e-01
-5.235987755982988989e-02 4.900000000000000189e-02 6.799999999999999621e-03 -1.208999999999999936e-01
-4.363323129985823695e-02 1.150000000000000050e-01 6.799999999999999621e-03 -1.231000000000000011e-01
-3.490658503988659095e-02 1.809999999999999942e-01 6.799999999999999621e-03 -1.252000000000000057e-01
-2.617993877991494495e-02 2.469999999999999973e-01 6.700000000000000226e-03 -1.272000000000000075e-01
-1.745329251994329547e-02 3.119999999999999996e-01 6.700000000000000226e-03 -1.292999999999999983e-01
-8.726646259971647737e-03 3.770000000000000018e-01 6.700000000000000226e-03 -1.310999999999999943e-01
0.000000000000000000e+00 4.440000000000000058e-01 6.499999999999999702e-03 -1.330000000000000071e-01
8.726646259971647737e-03 5.080000000000000071e-01 6.499999999999999702e-03 -1.346999999999999864e-01
1.745329251994329547e-02 5.729999999999999538e-01 6.599999999999999964e-03 -1.363999999999999935e-01
2.617993877991494495e-02 6.360000000000000098e-01 6.700000000000000226e-03 -1.380000000000000115e-01
3.490658503988659095e-02 7.009999999999999565e-01 6.799999999999999621e-03 -1.396000000000000019e-01
4.363323129985823695e-02 7.650000000000000133e-01 6.899999999999999883e-03 -1.411000000000000032e-01
5.235987755982988989e-02 8.269999999999999574e-01 7.000000000000000146e-03 -1.423999999999999988e-01
6.108652381980153590e-02 8.900000000000000133e-01 7.100000000000000408e-03 -1.436999999999999944e-01
6.981317007977318190e-02 9.519999999999999574e-01 7.300000000000000065e-03 -1.448000000000000120e-01
7.853981633974482790e-02 1.012999999999999901e+00 7.599999999999999985e-03 -1.456000000000000072e-01
8.726646259971647390e-02 1.062000000000000055e+00 7.900000000000000772e-03 -1.444999999999999896e-01
1.047197551196597798e-01 1.161000000000000032e+00 9.900000000000000813e-03 -1.418999999999999984e-01
1.134464013796314258e-01 1.207999999999999963e+00 1.170000000000000033e-02 -1.403000000000000080e-01
1.221730476396030718e-01 1.254000000000000004e+00 1.319999999999999993e-02 -1.381999999999999895e-01
1.308996938995747039e-01 1.300999999999999934e+00 1.430000000000000021e-02 -1.361999999999999877e-01
1.396263401595463638e-01 1.336000000000000076e+00 1.529999999999999936e-02 -1.320000000000000062e-01
1.483529864195180237e-01 1.368999999999999995e+00 1.650000000000000078e-02 -1.275999999999999912e-01
1.570796326794896558e-01 1.399999999999999911e+00 1.810000000000000150e-02 -1.233999999999999958e-01
1.658062789394613157e-01 1.427999999999999936e+00 2.110000000000000070e-02 -1.193000000000000033e-01
1.745329251994329478e-01 1.441999999999999948e+00 2.620000000000000107e-02 -1.151999999999999968e-01
1.832595714594046077e-01 1.427000000000000046e+00 3.359999999999999792e-02 -1.115000000000000019e-01
1.919862177193762398e-01 1.374000000000000110e+00 4.200000000000000261e-02 -1.081000000000000016e-01
2.007128639793478997e-01 1.316000000000000059e+00 5.149999999999999717e-02 -1.052000000000000018e-01
2.094395102393195596e-01 1.276999999999999913e+00 6.010000000000000064e-02 -1.025999999999999968e-01
2.181661564992911917e-01 1.250000000000000000e+00 6.930000000000000049e-02 -1.000000000000000056e-01
2.268928027592628516e-01 1.245999999999999996e+00 7.850000000000000033e-02 -9.800000000000000377e-02
2.356194490192344837e-01 1.247000000000000108e+00 8.880000000000000393e-02 -9.690000000000000002e-02
2.443460952792061436e-01 1.256000000000000005e+00 1.000000000000000056e-01 -9.679999999999999716e-02
2.530727415391778035e-01 1.260000000000000009e+00 1.107999999999999957e-01 -9.729999999999999760e-02
2.617993877991494078e-01 1.270999999999999908e+00 1.218999999999999945e-01 -9.810000000000000664e-02
2.705260340591210677e-01 1.280999999999999917e+00 1.325000000000000067e-01 -9.919999999999999651e-02
2.792526803190927276e-01 1.288999999999999924e+00 1.433000000000000107e-01 -1.005999999999999950e-01
2.879793265790643875e-01 1.294000000000000039e+00 1.540999999999999870e-01 -1.023000000000000020e-01
2.967059728390360474e-01 1.304000000000000048e+00 1.648999999999999910e-01 -1.042000000000000010e-01
3.054326190990076517e-01 1.308999999999999941e+00 1.754000000000000004e-01 -1.063999999999999946e-01
3.141592653589793116e-01 1.314999999999999947e+00 1.844999999999999973e-01 -1.082000000000000045e-01
3.228859116189509715e-01 1.320000000000000062e+00 1.953000000000000014e-01 -1.110000000000000014e-01
3.316125578789226314e-01 1.330000000000000071e+00 2.061000000000000054e-01 -1.142999999999999988e-01
3.403392041388942357e-01 1.342999999999999972e+00 2.169999999999999984e-01 -1.179000000000000048e-01
3.490658503988658956e-01 1.354000000000000092e+00 2.280000000000000082e-01 -1.218999999999999945e-01
3.577924966588375555e-01 1.358999999999999986e+00 2.389999999999999902e-01 -1.260999999999999899e-01
3.665191429188092154e-01 1.360000000000000098e+00 2.535999999999999921e-01 -1.302999999999999992e-01
3.839724354387524796e-01 1.324999999999999956e+00 2.813999999999999835e-01 -1.375000000000000111e-01
4.014257279586957994e-01 1.288000000000000034e+00 3.098000000000000198e-01 -1.446000000000000063e-01
4.188790204786391191e-01 1.250999999999999890e+00 3.386000000000000121e-01 -1.514999999999999958e-01
4.363323129985823834e-01 1.215000000000000080e+00 3.678000000000000158e-01 -1.584000000000000130e-01
4.537856055185257032e-01 1.181000000000000050e+00 3.971999999999999975e-01 -1.650999999999999968e-01
4.886921905584122872e-01 1.120000000000000107e+00 4.562999999999999834e-01 -1.781000000000000083e-01
5.235987755982988157e-01 1.076000000000000068e+00 5.149000000000000243e-01 -1.904000000000000137e-01
5.585053606381854552e-01 1.056000000000000050e+00 5.719999999999999529e-01 -2.016999999999999904e-01
6.108652381980153034e-01 1.066000000000000059e+00 6.548000000000000487e-01 -2.172999999999999932e-01
6.981317007977317912e-01 1.064000000000000057e+00 7.901000000000000245e-01 -2.417999999999999872e-01
7.853981633974482790e-01 1.034999999999999920e+00 9.190000000000000391e-01 -2.650000000000000133e-01
8.726646259971647668e-01 9.799999999999999822e-01 1.037800000000000056e+00 -2.867000000000000104e-01
9.599310885968812546e-01 9.040000000000000258e-01 1.143399999999999972e+00 -3.071999999999999731e-01
1.047197551196597631e+00 8.100000000000000533e-01 1.233300000000000063e+00 -3.265000000000000124e-01
1.134464013796314230e+00 7.019999999999999574e-01 1.305500000000000105e+00 -3.446000000000000174e-01
1.221730476396030607e+00 5.819999999999999618e-01 1.358700000000000019e+00 -3.615999999999999770e-01
1.308996938995747206e+00 4.560000000000000164e-01 1.392200000000000104e+00 -3.775000000000000022e-01
1.396263401595463582e+00 3.260000000000000120e-01 1.406300000000000106e+00 -3.921000000000000041e-01
1.483529864195180181e+00 1.970000000000000084e-01 1.404199999999999893e+00 -4.057000000000000051e-01
1.570796326794896558e+00 7.199999999999999456e-02 1.398500000000000076e+00 -4.179999999999999827e-01
1.658062789394613157e+00 -5.000000000000000278e-02 1.397299999999999986e+00 -4.289000000000000035e-01
1.745329251994329534e+00 -1.700000000000000122e-01 1.381000000000000005e+00 -4.385000000000000009e-01
1.832595714594046132e+00 -2.869999999999999774e-01 1.349800000000000111e+00 -4.464000000000000190e-01
1.919862177193762509e+00 -3.990000000000000213e-01 1.304100000000000037e+00 -4.524000000000000243e-01
2.007128639793478886e+00 -5.020000000000000018e-01 1.244199999999999973e+00 -4.562999999999999834e-01
2.094395102393195263e+00 -5.959999999999999742e-01 1.170900000000000052e+00 -4.576999999999999957e-01
2.181661564992912083e+00 -6.770000000000000462e-01 1.085199999999999942e+00 -4.562999999999999834e-01
2.268928027592628460e+00 -7.429999999999999938e-01 9.882999999999999563e-01 -4.514000000000000234e-01
2.356194490192344837e+00 -7.920000000000000373e-01 8.818000000000000282e-01 -4.425000000000000044e-01
2.443460952792061214e+00 -8.209999999999999520e-01 7.675999999999999490e-01 -4.288000000000000145e-01
2.530727415391778035e+00 -8.259999999999999565e-01 6.481000000000000094e-01 -4.094999999999999751e-01
2.617993877991494411e+00 -8.060000000000000497e-01 5.263999999999999790e-01 -3.835999999999999965e-01
2.705260340591210788e+00 -7.580000000000000071e-01 4.060000000000000275e-01 -3.497000000000000108e-01
2.792526803190927165e+00 -6.790000000000000480e-01 2.912000000000000144e-01 -3.064999999999999947e-01
2.967059728390360362e+00 -7.349999999999999867e-01 9.950000000000000511e-02 -3.705999999999999850e-01
3.054326190990076739e+00 -3.679999999999999938e-01 3.559999999999999970e-02 -1.845999999999999863e-01
3.141592653589793116e+00 0.000000000000000000e+00 2.019999999999999921e-02 0.000000000000000000e+00
