# Angle of attack [rad] 	 Lift coefficient [-] 	 Drag coefficient [-] 	 Moment coefficient [-]
-3.141592653589793116e+00 0.000000000000000000e+00 1.980000000000000163e-02 0.000000000000000000e+00
-3.054326190990076739e+00 3.739999999999999991e-01 3.409999999999999837e-02 1.880000000000000004e-01
-2.967059728390360362e+00 7.489999999999999991e-01 9.550000000000000155e-02 3.770000000000000018e-01
-2.792526803190927165e+00 6.590000000000000302e-01 2.807000000000000051e-01 2.746999999999999997e-01
-2.705260340591210788e+00 7.359999999999999876e-01 3.919000000000000261e-01 3.130000000000000004e-01
-2.617993877991494411e+00 7.830000000000000293e-01 5.086000000000000520e-01 3.427999999999999936e-01
-2.530727415391778035e+00 8.030000000000000471e-01 6.267000000000000348e-01 3.654000000000000026e-01
-2.443460952792061214e+00 7.980000000000000426e-01 7.427000000000000268e-01 3.820000000000000062e-01
-2.356194490192344837e+00 7.710000000000000187e-01 8.537000000000000144e-01 3.935000000000000164e-01
-2.268928027592628460e+00 7.239999999999999769e-01 9.574000000000000288e-01 4.007000000000000006e-01
-2.181661564992912083e+00 6.600000000000000311e-01 1.051900000000000057e+00 4.042000000000000037e-01
-2.094395102393195263e+00 5.809999999999999609e-01 1.135499999999999954e+00 4.047000000000000042e-01
-2.007128639793478886e+00 4.909999999999999920e-01 1.207000000000000073e+00 4.025000000000000244e-01
-1.919862177193762509e+00 3.900000000000000133e-01 1.265600000000000058e+00 3.981000000000000094e-01
-1.832595714594046132e+00 2.819999999999999729e-01 1.310400000000000009e+00 3.917999999999999816e-01
-1.745329251994329534e+00 1.690000000000000113e-01 1.340999999999999970e+00 3.837999999999999745e-01
-1.658062789394613157e+00 5.199999999999999761e-02 1.357199999999999962e+00 3.743000000000000216e-01
-1.570796326794896558e+00 -6.700000000000000400e-02 1.358700000000000019e+00 3.635999999999999788e-01
-1.483529864195180181e+00 -1.839999999999999969e-01 1.345599999999999907e+00 3.517000000000000126e-01
-1.396263401595463582e+00 -2.989999999999999880e-01 1.318100000000000049e+00 3.387999999999999901e-01
-1.308996938995747206e+00 -4.089999999999999747e-01 1.276499999999999968e+00 3.247999999999999776e-01
-1.221730476396030607e+00 -5.120000000000000107e-01 1.221200000000000063e+00 3.099000000000000088e-01
-1.134464013796314230e+00 -6.059999999999999831e-01 1.153200000000000003e+00 2.939999999999999836e-01
-1.047197551196597631e+00 -6.889999999999999458e-01 1.073099999999999943e+00 2.772000000000000020e-01
-9.599310885968812546e-01 -7.590000000000000080e-01 9.821999999999999620e-01 2.595000000000000084e-01
-8.726646259971647668e-01 -8.139999999999999458e-01 8.820000000000000062e-01 2.409000000000000030e-01
-7.853981633974482790e-01 -8.499999999999999778e-01 7.741999999999999993e-01 2.212000000000000077e-01
-6.981317007977317912e-01 -8.659999999999999920e-01 6.610000000000000320e-01 2.006000000000000005e-01
-6.108652381980153034e-01 -8.599999999999999867e-01 5.451000000000000290e-01 1.789000000000000035e-01
-5.235987755982988157e-01 -8.289999999999999591e-01 4.294999999999999929e-01 1.562999999999999945e-01
-4.363323129985823834e-01 -8.529999999999999805e-01 3.070999999999999841e-01 1.155999999999999944e-01
-4.188790204786391191e-01 -8.699999999999999956e-01 2.813999999999999835e-01 1.039999999999999952e-01
-4.014257279586957994e-01 -8.900000000000000133e-01 2.555999999999999939e-01 9.160000000000000087e-02
-3.839724354387524796e-01 -9.110000000000000320e-01 2.296999999999999875e-01 7.850000000000000033e-02
-3.665191429188092154e-01 -9.340000000000000524e-01 2.039999999999999869e-01 6.489999999999999936e-02
-3.490658503988658956e-01 -9.579999999999999627e-01 1.784999999999999920e-01 5.079999999999999793e-02
-3.316125578789226314e-01 -9.819999999999999840e-01 1.534000000000000086e-01 3.640000000000000180e-02
-3.141592653589793116e-01 -1.004999999999999893e+00 1.287999999999999978e-01 2.179999999999999993e-02
-2.967059728390360474e-01 -1.082000000000000073e+00 1.037000000000000005e-01 1.290000000000000001e-02
-2.792526803190927276e-01 -1.112999999999999989e+00 7.860000000000000320e-02 -2.799999999999999972e-03
-2.617993877991494078e-01 -1.104999999999999982e+00 5.349999999999999895e-02 -2.510000000000000078e-02
-2.443460952792061436e-01 -1.078000000000000069e+00 2.829999999999999877e-02 -4.189999999999999974e-02
-2.356194490192344837e-01 -1.052999999999999936e+00 1.580000000000000154e-02 -5.210000000000000048e-02
-2.268928027592628516e-01 -1.014999999999999902e+00 1.510000000000000057e-02 -6.099999999999999867e-02
-2.094395102393195596e-01 -9.040000000000000258e-01 1.340000000000000045e-02 -7.069999999999999896e-02
-1.919862177193762398e-01 -8.070000000000000506e-01 1.209999999999999964e-02 -7.220000000000000029e-02
-1.745329251994329478e-01 -7.109999999999999654e-01 1.110000000000000049e-02 -7.340000000000000691e-02
-1.570796326794896558e-01 -5.949999999999999734e-01 9.900000000000000813e-03 -7.720000000000000473e-02
-1.396263401595463638e-01 -4.779999999999999805e-01 9.100000000000000450e-03 -8.069999999999999396e-02
-1.221730476396030718e-01 -3.750000000000000000e-01 8.600000000000000006e-03 -8.250000000000000389e-02
-1.047197551196597798e-01 -2.640000000000000124e-01 8.200000000000000691e-03 -8.319999999999999618e-02
-8.726646259971647390e-02 -1.509999999999999953e-01 7.900000000000000772e-03 -8.409999999999999420e-02
-6.981317007977318190e-02 -1.700000000000000122e-02 7.199999999999999803e-03 -8.690000000000000502e-02
-5.235987755982988989e-02 8.799999999999999489e-02 6.400000000000000307e-03 -9.120000000000000329e-02
-3.490658503988659095e-02 2.129999999999999949e-01 5.400000000000000286e-03 -9.460000000000000353e-02
-1.745329251994329547e-02 3.280000000000000138e-01 5.199999999999999761e-03 -9.710000000000000575e-02
0.000000000000000000e+00 4.420000000000000040e-01 5.199999999999999761e-03 -1.014000000000000040e-01
1.745329251994329547e-02 5.560000000000000497e-01 5.199999999999999761e-03 -1.076000000000000012e-01
3.490658503988659095e-02 6.700000000000000400e-01 5.300000000000000024e-03 -1.126000000000000056e-01
5.235987755982988989e-02 7.840000000000000302e-01 5.300000000000000024e-03 -1.156999999999999973e-01
6.981317007977318190e-02 8.980000000000000204e-01 5.400000000000000286e-03 -1.199000000000000066e-01
8.726646259971647390e-02 1.010999999999999899e+00 5.799999999999999600e-03 -1.239999999999999991e-01
1.047197551196597798e-01 1.102999999999999980e+00 9.100000000000000450e-03 -1.233999999999999958e-01
1.221730476396030718e-01 1.181000000000000050e+00 1.129999999999999928e-02 -1.184000000000000052e-01
1.396263401595463638e-01 1.256999999999999895e+00 1.239999999999999956e-02 -1.163000000000000006e-01
1.483529864195180237e-01 1.292999999999999927e+00 1.299999999999999940e-02 -1.163000000000000006e-01
1.570796326794896558e-01 1.326000000000000068e+00 1.359999999999999924e-02 -1.160000000000000059e-01
1.658062789394613157e-01 1.356000000000000094e+00 1.430000000000000021e-02 -1.154000000000000026e-01
1.745329251994329478e-01 1.381999999999999895e+00 1.499999999999999944e-02 -1.149000000000000021e-01
1.832595714594046077e-01 1.399999999999999911e+00 2.670000000000000151e-02 -1.145000000000000046e-01
1.919862177193762398e-01 1.415000000000000036e+00 3.830000000000000071e-02 -1.142999999999999988e-01
2.007128639793478997e-01 1.425000000000000044e+00 4.979999999999999705e-02 -1.146999999999999964e-01
2.094395102393195596e-01 1.433999999999999941e+00 6.130000000000000032e-02 -1.158000000000000002e-01
2.181661564992911917e-01 1.443000000000000060e+00 7.270000000000000073e-02 -1.165000000000000063e-01
2.268928027592628516e-01 1.451000000000000068e+00 8.409999999999999420e-02 -1.152999999999999997e-01
2.356194490192344837e-01 1.453000000000000069e+00 9.539999999999999869e-02 -1.131000000000000061e-01
2.443460952792061436e-01 1.447999999999999954e+00 1.064999999999999974e-01 -1.111999999999999933e-01
2.530727415391778035e-01 1.443999999999999950e+00 1.175999999999999962e-01 -1.101000000000000034e-01
2.617993877991494078e-01 1.445000000000000062e+00 1.287000000000000088e-01 -1.102999999999999953e-01
2.705260340591210677e-01 1.447000000000000064e+00 1.398000000000000076e-01 -1.108999999999999986e-01
2.792526803190927276e-01 1.447999999999999954e+00 1.509000000000000064e-01 -1.113999999999999990e-01
2.879793265790643875e-01 1.443999999999999950e+00 1.618999999999999884e-01 -1.111000000000000043e-01
2.967059728390360474e-01 1.437999999999999945e+00 1.728000000000000091e-01 -1.097000000000000058e-01
3.054326190990076517e-01 1.439000000000000057e+00 1.837000000000000022e-01 -1.078999999999999959e-01
3.141592653589793116e-01 1.447999999999999954e+00 1.947000000000000119e-01 -1.079999999999999988e-01
3.228859116189509715e-01 1.451999999999999957e+00 2.056999999999999940e-01 -1.089999999999999997e-01
3.316125578789226314e-01 1.447999999999999954e+00 2.164999999999999980e-01 -1.086000000000000021e-01
3.403392041388942357e-01 1.437999999999999945e+00 2.272000000000000131e-01 -1.077000000000000041e-01
3.490658503988658956e-01 1.427999999999999936e+00 2.379000000000000004e-01 -1.098999999999999977e-01
3.665191429188092154e-01 1.401000000000000023e+00 2.590000000000000080e-01 -1.169000000000000039e-01
3.839724354387524796e-01 1.358999999999999986e+00 2.798999999999999821e-01 -1.189999999999999947e-01
4.014257279586957994e-01 1.300000000000000044e+00 3.004000000000000004e-01 -1.234999999999999987e-01
4.188790204786391191e-01 1.219999999999999973e+00 3.204000000000000181e-01 -1.393000000000000071e-01
4.363323129985823834e-01 1.167999999999999927e+00 3.377000000000000002e-01 -1.439999999999999891e-01
4.537856055185257032e-01 1.116000000000000103e+00 3.553999999999999937e-01 -1.486000000000000099e-01
4.886921905584122872e-01 1.014999999999999902e+00 3.916000000000000036e-01 -1.577000000000000068e-01
5.235987755982988157e-01 9.260000000000000453e-01 4.294000000000000039e-01 -1.668000000000000038e-01
5.585053606381854552e-01 8.549999999999999822e-01 4.689999999999999725e-01 -1.759000000000000008e-01
6.108652381980153034e-01 8.000000000000000444e-01 5.323999999999999844e-01 -1.897000000000000075e-01
6.981317007977317912e-01 8.040000000000000480e-01 6.451999999999999957e-01 -2.126000000000000112e-01
7.853981633974482790e-01 7.930000000000000382e-01 7.572999999999999732e-01 -2.343999999999999972e-01
8.726646259971647668e-01 7.630000000000000115e-01 8.663999999999999480e-01 -2.553000000000000269e-01
9.599310885968812546e-01 7.169999999999999707e-01 9.707999999999999963e-01 -2.751000000000000112e-01
1.047197551196597631e+00 6.560000000000000275e-01 1.069299999999999917e+00 -2.938999999999999946e-01
1.134464013796314230e+00 5.819999999999999618e-01 1.160600000000000076e+00 -3.116999999999999771e-01
1.221730476396030607e+00 4.949999999999999956e-01 1.243800000000000017e+00 -3.285000000000000142e-01
1.308996938995747206e+00 3.980000000000000204e-01 1.317800000000000082e+00 -3.443999999999999839e-01
1.396263401595463582e+00 2.909999999999999809e-01 1.380900000000000016e+00 -3.593000000000000083e-01
1.483529864195180181e+00 1.759999999999999898e-01 1.430399999999999894e+00 -3.730999999999999872e-01
1.570796326794896558e+00 5.299999999999999850e-02 1.456499999999999906e+00 -3.857999999999999763e-01
1.658062789394613157e+00 -7.399999999999999634e-02 1.453300000000000036e+00 -3.972999999999999865e-01
1.745329251994329534e+00 -1.990000000000000102e-01 1.434500000000000108e+00 -4.074999999999999734e-01
1.832595714594046132e+00 -3.210000000000000075e-01 1.400400000000000089e+00 -4.162000000000000144e-01
1.919862177193762509e+00 -4.359999999999999987e-01 1.351199999999999957e+00 -4.230999999999999761e-01
2.007128639793478886e+00 -5.430000000000000382e-01 1.287400000000000100e+00 -4.279999999999999916e-01
2.094395102393195263e+00 -6.400000000000000133e-01 1.209899999999999975e+00 -4.305999999999999828e-01
2.181661564992912083e+00 -7.229999999999999760e-01 1.119599999999999929e+00 -4.304000000000000048e-01
2.268928027592628460e+00 -7.900000000000000355e-01 1.017900000000000027e+00 -4.269999999999999907e-01
2.356194490192344837e+00 -8.399999999999999689e-01 9.063999999999999835e-01 -4.195999999999999730e-01
2.443460952792061214e+00 -8.679999999999999938e-01 7.871000000000000218e-01 -4.077000000000000068e-01
2.530727415391778035e+00 -8.719999999999999973e-01 6.626999999999999558e-01 -3.902999999999999803e-01
2.617993877991494411e+00 -8.499999999999999778e-01 5.362999999999999989e-01 -3.664999999999999925e-01
2.705260340591210788e+00 -7.980000000000000426e-01 4.116000000000000214e-01 -3.348999999999999755e-01
2.792526803190927165e+00 -7.139999999999999680e-01 2.931000000000000272e-01 -2.942000000000000171e-01
2.967059728390360362e+00 -7.489999999999999991e-01 9.710000000000000575e-02 -3.770999999999999908e-01
3.054326190990076739e+00 -3.739999999999999991e-01 3.339999999999999913e-02 -1.879000000000000115e-01
3.141592653589793116e+00 0.000000000000000000e+00 1.980000000000000163e-02 0.000000000000000000e+00
