# Angle of attack [rad] 	 Lift coefficient [-] 	 Drag coefficient [-] 	 Moment coefficient [-]
-3.141593e+00 0.000000e+00 5.000000e-01 0.000000e+00
-3.089233e+00 0.000000e+00 5.000000e-01 0.000000e+00
-3.036873e+00 0.000000e+00 5.000000e-01 -2.775558e-17
-2.984513e+00 0.000000e+00 5.000000e-01 0.000000e+00
-2.932153e+00 0.000000e+00 5.000000e-01 0.000000e+00
-2.879793e+00 0.000000e+00 5.000000e-01 0.000000e+00
-2.827433e+00 0.000000e+00 5.000000e-01 0.000000e+00
-2.775074e+00 0.000000e+00 5.000000e-01 0.000000e+00
-2.722714e+00 0.000000e+00 5.000000e-01 0.000000e+00
-2.670354e+00 0.000000e+00 5.000000e-01 0.000000e+00
-2.617994e+00 0.000000e+00 5.000000e-01 0.000000e+00
-2.565634e+00 0.000000e+00 5.000000e-01 0.000000e+00
-2.513274e+00 0.000000e+00 5.000000e-01 0.000000e+00
-2.460914e+00 0.000000e+00 5.000000e-01 0.000000e+00
-2.408554e+00 0.000000e+00 5.000000e-01 0.000000e+00
-2.356194e+00 0.000000e+00 5.000000e-01 0.000000e+00
-2.303835e+00 0.000000e+00 5.000000e-01 0.000000e+00
-2.251475e+00 0.000000e+00 5.000000e-01 0.000000e+00
-2.199115e+00 0.000000e+00 5.000000e-01 0.000000e+00
-2.146755e+00 0.000000e+00 5.000000e-01 0.000000e+00
-2.094395e+00 0.000000e+00 5.000000e-01 0.000000e+00
-2.042035e+00 0.000000e+00 5.000000e-01 0.000000e+00
-1.989675e+00 0.000000e+00 5.000000e-01 0.000000e+00
-1.937315e+00 0.000000e+00 5.000000e-01 0.000000e+00
-1.884956e+00 0.000000e+00 5.000000e-01 0.000000e+00
-1.832596e+00 0.000000e+00 5.000000e-01 0.000000e+00
-1.780236e+00 0.000000e+00 5.000000e-01 0.000000e+00
-1.727876e+00 0.000000e+00 5.000000e-01 0.000000e+00
-1.675516e+00 0.000000e+00 5.000000e-01 0.000000e+00
-1.623156e+00 0.000000e+00 5.000000e-01 0.000000e+00
-1.570796e+00 0.000000e+00 5.000000e-01 0.000000e+00
-1.518436e+00 0.000000e+00 5.000000e-01 0.000000e+00
-1.466077e+00 0.000000e+00 5.000000e-01 0.000000e+00
-1.413717e+00 0.000000e+00 5.000000e-01 0.000000e+00
-1.361357e+00 0.000000e+00 5.000000e-01 0.000000e+00
-1.308997e+00 0.000000e+00 5.000000e-01 0.000000e+00
-1.256637e+00 0.000000e+00 5.000000e-01 0.000000e+00
-1.204277e+00 0.000000e+00 5.000000e-01 0.000000e+00
-1.151917e+00 0.000000e+00 5.000000e-01 0.000000e+00
-1.099557e+00 0.000000e+00 5.000000e-01 0.000000e+00
-1.047198e+00 0.000000e+00 5.000000e-01 0.000000e+00
-9.948377e-01 0.000000e+00 5.000000e-01 0.000000e+00
-9.424778e-01 0.000000e+00 5.000000e-01 0.000000e+00
-8.901179e-01 0.000000e+00 5.000000e-01 0.000000e+00
-8.377580e-01 0.000000e+00 5.000000e-01 0.000000e+00
-7.853982e-01 0.000000e+00 5.000000e-01 0.000000e+00
-7.330383e-01 0.000000e+00 5.000000e-01 0.000000e+00
-6.806784e-01 0.000000e+00 5.000000e-01 0.000000e+00
-6.283185e-01 0.000000e+00 5.000000e-01 0.000000e+00
-5.759587e-01 0.000000e+00 5.000000e-01 0.000000e+00
-5.235988e-01 0.000000e+00 5.000000e-01 0.000000e+00
-5.130210e-01 0.000000e+00 5.000000e-01 0.000000e+00
-5.024433e-01 0.000000e+00 5.000000e-01 0.000000e+00
-4.918655e-01 0.000000e+00 5.000000e-01 0.000000e+00
-4.812878e-01 0.000000e+00 5.000000e-01 0.000000e+00
-4.707100e-01 0.000000e+00 5.000000e-01 0.000000e+00
-4.601323e-01 0.000000e+00 5.000000e-01 0.000000e+00
-4.495545e-01 0.000000e+00 5.000000e-01 0.000000e+00
-4.389768e-01 0.000000e+00 5.000000e-01 0.000000e+00
-4.283990e-01 0.000000e+00 5.000000e-01 0.000000e+00
-4.178212e-01 0.000000e+00 5.000000e-01 0.000000e+00
-4.072435e-01 0.000000e+00 5.000000e-01 0.000000e+00
-3.966657e-01 0.000000e+00 5.000000e-01 0.000000e+00
-3.860880e-01 0.000000e+00 5.000000e-01 0.000000e+00
-3.755102e-01 0.000000e+00 5.000000e-01 0.000000e+00
-3.649325e-01 0.000000e+00 5.000000e-01 0.000000e+00
-3.543547e-01 0.000000e+00 5.000000e-01 0.000000e+00
-3.437770e-01 0.000000e+00 5.000000e-01 0.000000e+00
-3.331992e-01 0.000000e+00 5.000000e-01 0.000000e+00
-3.226215e-01 0.000000e+00 5.000000e-01 0.000000e+00
-3.120437e-01 0.000000e+00 5.000000e-01 0.000000e+00
-3.014660e-01 0.000000e+00 5.000000e-01 0.000000e+00
-2.908882e-01 0.000000e+00 5.000000e-01 0.000000e+00
-2.803105e-01 0.000000e+00 5.000000e-01 0.000000e+00
-2.697327e-01 0.000000e+00 5.000000e-01 0.000000e+00
-2.591549e-01 0.000000e+00 5.000000e-01 0.000000e+00
-2.485772e-01 0.000000e+00 5.000000e-01 0.000000e+00
-2.379994e-01 0.000000e+00 5.000000e-01 0.000000e+00
-2.274217e-01 0.000000e+00 5.000000e-01 0.000000e+00
-2.168439e-01 0.000000e+00 5.000000e-01 0.000000e+00
-2.062662e-01 0.000000e+00 5.000000e-01 0.000000e+00
-1.956884e-01 0.000000e+00 5.000000e-01 0.000000e+00
-1.851107e-01 0.000000e+00 5.000000e-01 0.000000e+00
-1.745329e-01 0.000000e+00 5.000000e-01 0.000000e+00
-1.639552e-01 0.000000e+00 5.000000e-01 0.000000e+00
-1.533774e-01 0.000000e+00 5.000000e-01 0.000000e+00
-1.427997e-01 0.000000e+00 5.000000e-01 0.000000e+00
-1.322219e-01 0.000000e+00 5.000000e-01 0.000000e+00
-1.216442e-01 0.000000e+00 5.000000e-01 0.000000e+00
-1.110664e-01 0.000000e+00 5.000000e-01 0.000000e+00
-1.004887e-01 0.000000e+00 5.000000e-01 0.000000e+00
-8.991090e-02 0.000000e+00 5.000000e-01 0.000000e+00
-7.933315e-02 0.000000e+00 5.000000e-01 0.000000e+00
-6.875539e-02 0.000000e+00 5.000000e-01 0.000000e+00
-5.817764e-02 0.000000e+00 5.000000e-01 0.000000e+00
-4.759989e-02 0.000000e+00 5.000000e-01 0.000000e+00
-3.702214e-02 0.000000e+00 5.000000e-01 0.000000e+00
-2.644438e-02 0.000000e+00 5.000000e-01 0.000000e+00
-1.586663e-02 0.000000e+00 5.000000e-01 0.000000e+00
-5.288877e-03 0.000000e+00 5.000000e-01 0.000000e+00
5.288877e-03 0.000000e+00 5.000000e-01 0.000000e+00
1.586663e-02 0.000000e+00 5.000000e-01 0.000000e+00
2.644438e-02 0.000000e+00 5.000000e-01 0.000000e+00
3.702214e-02 0.000000e+00 5.000000e-01 0.000000e+00
4.759989e-02 0.000000e+00 5.000000e-01 0.000000e+00
5.817764e-02 0.000000e+00 5.000000e-01 0.000000e+00
6.875539e-02 0.000000e+00 5.000000e-01 0.000000e+00
7.933315e-02 0.000000e+00 5.000000e-01 0.000000e+00
8.991090e-02 1.110223e-16 5.000000e-01 0.000000e+00
1.004887e-01 0.000000e+00 5.000000e-01 0.000000e+00
1.110664e-01 0.000000e+00 5.000000e-01 0.000000e+00
1.216442e-01 0.000000e+00 5.000000e-01 0.000000e+00
1.322219e-01 0.000000e+00 5.000000e-01 0.000000e+00
1.427997e-01 0.000000e+00 5.000000e-01 0.000000e+00
1.533774e-01 0.000000e+00 5.000000e-01 0.000000e+00
1.639552e-01 0.000000e+00 5.000000e-01 0.000000e+00
1.745329e-01 0.000000e+00 5.000000e-01 0.000000e+00
1.851107e-01 0.000000e+00 5.000000e-01 0.000000e+00
1.956884e-01 0.000000e+00 5.000000e-01 0.000000e+00
2.062662e-01 0.000000e+00 5.000000e-01 0.000000e+00
2.168439e-01 0.000000e+00 5.000000e-01 0.000000e+00
2.274217e-01 0.000000e+00 5.000000e-01 0.000000e+00
2.379994e-01 0.000000e+00 5.000000e-01 0.000000e+00
2.485772e-01 0.000000e+00 5.000000e-01 0.000000e+00
2.591549e-01 0.000000e+00 5.000000e-01 0.000000e+00
2.697327e-01 0.000000e+00 5.000000e-01 0.000000e+00
2.803105e-01 0.000000e+00 5.000000e-01 0.000000e+00
2.908882e-01 0.000000e+00 5.000000e-01 0.000000e+00
3.014660e-01 0.000000e+00 5.000000e-01 0.000000e+00
3.120437e-01 0.000000e+00 5.000000e-01 0.000000e+00
3.226215e-01 0.000000e+00 5.000000e-01 0.000000e+00
3.331992e-01 0.000000e+00 5.000000e-01 0.000000e+00
3.437770e-01 0.000000e+00 5.000000e-01 0.000000e+00
3.543547e-01 0.000000e+00 5.000000e-01 0.000000e+00
3.649325e-01 0.000000e+00 5.000000e-01 0.000000e+00
3.755102e-01 0.000000e+00 5.000000e-01 0.000000e+00
3.860880e-01 0.000000e+00 5.000000e-01 0.000000e+00
3.966657e-01 0.000000e+00 5.000000e-01 0.000000e+00
4.072435e-01 0.000000e+00 5.000000e-01 0.000000e+00
4.178212e-01 0.000000e+00 5.000000e-01 0.000000e+00
4.283990e-01 0.000000e+00 5.000000e-01 0.000000e+00
4.389768e-01 0.000000e+00 5.000000e-01 0.000000e+00
4.495545e-01 0.000000e+00 5.000000e-01 0.000000e+00
4.601323e-01 0.000000e+00 5.000000e-01 0.000000e+00
4.707100e-01 0.000000e+00 5.000000e-01 0.000000e+00
4.812878e-01 0.000000e+00 5.000000e-01 0.000000e+00
4.918655e-01 0.000000e+00 5.000000e-01 0.000000e+00
5.024433e-01 0.000000e+00 5.000000e-01 0.000000e+00
5.130210e-01 0.000000e+00 5.000000e-01 0.000000e+00
5.235988e-01 0.000000e+00 5.000000e-01 0.000000e+00
5.759587e-01 0.000000e+00 5.000000e-01 0.000000e+00
6.283185e-01 0.000000e+00 5.000000e-01 0.000000e+00
6.806784e-01 0.000000e+00 5.000000e-01 0.000000e+00
7.330383e-01 0.000000e+00 5.000000e-01 0.000000e+00
7.853982e-01 0.000000e+00 5.000000e-01 0.000000e+00
8.377580e-01 0.000000e+00 5.000000e-01 0.000000e+00
8.901179e-01 0.000000e+00 5.000000e-01 0.000000e+00
9.424778e-01 0.000000e+00 5.000000e-01 0.000000e+00
9.948377e-01 0.000000e+00 5.000000e-01 0.000000e+00
1.047198e+00 0.000000e+00 5.000000e-01 0.000000e+00
1.099557e+00 0.000000e+00 5.000000e-01 0.000000e+00
1.151917e+00 0.000000e+00 5.000000e-01 0.000000e+00
1.204277e+00 0.000000e+00 5.000000e-01 0.000000e+00
1.256637e+00 0.000000e+00 5.000000e-01 0.000000e+00
1.308997e+00 0.000000e+00 5.000000e-01 0.000000e+00
1.361357e+00 0.000000e+00 5.000000e-01 0.000000e+00
1.413717e+00 0.000000e+00 5.000000e-01 0.000000e+00
1.466077e+00 0.000000e+00 5.000000e-01 0.000000e+00
1.518436e+00 0.000000e+00 5.000000e-01 0.000000e+00
1.570796e+00 0.000000e+00 5.000000e-01 0.000000e+00
1.623156e+00 0.000000e+00 5.000000e-01 0.000000e+00
1.675516e+00 0.000000e+00 5.000000e-01 0.000000e+00
1.727876e+00 0.000000e+00 5.000000e-01 0.000000e+00
1.780236e+00 0.000000e+00 5.000000e-01 0.000000e+00
1.832596e+00 2.775558e-17 5.000000e-01 0.000000e+00
1.884956e+00 0.000000e+00 5.000000e-01 0.000000e+00
1.937315e+00 0.000000e+00 5.000000e-01 0.000000e+00
1.989675e+00 0.000000e+00 5.000000e-01 0.000000e+00
2.042035e+00 0.000000e+00 5.000000e-01 0.000000e+00
2.094395e+00 0.000000e+00 5.000000e-01 0.000000e+00
2.146755e+00 0.000000e+00 5.000000e-01 0.000000e+00
2.199115e+00 0.000000e+00 5.000000e-01 0.000000e+00
2.251475e+00 0.000000e+00 5.000000e-01 0.000000e+00
2.303835e+00 0.000000e+00 5.000000e-01 0.000000e+00
2.356194e+00 0.000000e+00 5.000000e-01 0.000000e+00
2.408554e+00 0.000000e+00 5.000000e-01 0.000000e+00
2.460914e+00 0.000000e+00 5.000000e-01 0.000000e+00
2.513274e+00 0.000000e+00 5.000000e-01 0.000000e+00
2.565634e+00 0.000000e+00 5.000000e-01 0.000000e+00
2.617994e+00 0.000000e+00 5.000000e-01 0.000000e+00
2.670354e+00 0.000000e+00 5.000000e-01 0.000000e+00
2.722714e+00 0.000000e+00 5.000000e-01 0.000000e+00
2.775074e+00 0.000000e+00 5.000000e-01 0.000000e+00
2.827433e+00 0.000000e+00 5.000000e-01 0.000000e+00
2.879793e+00 0.000000e+00 5.000000e-01 0.000000e+00
2.932153e+00 0.000000e+00 5.000000e-01 0.000000e+00
2.984513e+00 0.000000e+00 5.000000e-01 0.000000e+00
3.036873e+00 0.000000e+00 5.000000e-01 0.000000e+00
3.089233e+00 0.000000e+00 5.000000e-01 0.000000e+00
3.141593e+00 0.000000e+00 5.000000e-01 0.000000e+00
