# Angle of attack [rad] 	 Lift coefficient [-] 	 Drag coefficient [-] 	 Moment coefficient [-]
-3.141593e+00 0.000000e+00 2.339141e-02 0.000000e+00
-3.089233e+00 1.430315e-01 2.339141e-02 1.191636e-01
-3.036873e+00 2.879909e-01 2.668462e-02 2.399998e-01
-2.984513e+00 4.319871e-01 3.656435e-02 3.600004e-01
-2.932153e+00 5.315458e-01 5.840987e-02 3.645329e-01
-2.879793e+00 6.112685e-01 8.623814e-02 3.113327e-01
-2.827433e+00 6.946001e-01 1.140667e-01 2.581317e-01
-2.775074e+00 7.408245e-01 1.506323e-01 2.212425e-01
-2.722714e+00 7.161397e-01 2.046714e-01 2.168314e-01
-2.670354e+00 6.914239e-01 2.587109e-01 2.121776e-01
-2.617994e+00 6.666701e-01 3.127505e-01 2.072427e-01
-2.565634e+00 6.529009e-01 3.791391e-01 2.116982e-01
-2.513274e+00 6.391160e-01 4.455279e-01 2.161578e-01
-2.460914e+00 6.253130e-01 5.119171e-01 2.206222e-01
-2.408554e+00 6.077281e-01 5.812167e-01 2.278580e-01
-2.356194e+00 5.882529e-01 6.519715e-01 2.364762e-01
-2.303835e+00 5.687692e-01 7.227269e-01 2.450925e-01
-2.251475e+00 5.458465e-01 7.921312e-01 2.540833e-01
-2.199115e+00 5.160599e-01 8.588329e-01 2.638240e-01
-2.146755e+00 4.862701e-01 9.255341e-01 2.735601e-01
-2.094395e+00 4.564763e-01 9.922351e-01 2.832912e-01
-2.042035e+00 4.164896e-01 1.046949e+00 2.919174e-01
-1.989675e+00 3.765018e-01 1.101662e+00 3.005385e-01
-1.937315e+00 3.365126e-01 1.156375e+00 3.091533e-01
-1.884956e+00 2.916930e-01 1.198741e+00 3.158404e-01
-1.832596e+00 2.444587e-01 1.234933e+00 3.215619e-01
-1.780236e+00 1.972242e-01 1.271124e+00 3.272782e-01
-1.727876e+00 1.491605e-01 1.299741e+00 3.315778e-01
-1.675516e+00 9.944025e-02 1.313208e+00 3.330536e-01
-1.623156e+00 4.972022e-02 1.326675e+00 3.345364e-01
-1.570796e+00 3.103180e-07 1.340141e+00 3.355165e-01
-1.518436e+00 -4.972016e-02 1.326675e+00 3.309143e-01
-1.466077e+00 -9.944039e-02 1.313208e+00 3.258750e-01
-1.413717e+00 -1.491601e-01 1.299741e+00 3.206847e-01
-1.361357e+00 -1.972240e-01 1.271125e+00 3.140690e-01
-1.308997e+00 -2.444590e-01 1.234933e+00 3.061885e-01
-1.256637e+00 -2.916928e-01 1.198741e+00 2.983079e-01
-1.204277e+00 -3.365123e-01 1.156376e+00 2.895610e-01
-1.151917e+00 -3.765019e-01 1.101662e+00 2.790815e-01
-1.099557e+00 -4.164899e-01 1.046948e+00 2.686019e-01
-1.047198e+00 -4.564765e-01 9.922347e-01 2.581222e-01
-9.948377e-01 -4.862703e-01 9.255337e-01 2.467417e-01
-9.424778e-01 -5.160601e-01 8.588325e-01 2.353610e-01
-8.901179e-01 -5.458467e-01 7.921307e-01 2.239802e-01
-8.377580e-01 -5.692899e-01 7.227442e-01 2.130090e-01
-7.853982e-01 -5.895577e-01 6.520155e-01 2.022426e-01
-7.330383e-01 -6.082518e-01 5.812340e-01 1.918683e-01
-6.806784e-01 -6.254169e-01 5.115975e-01 1.819681e-01
-6.283185e-01 -6.393169e-01 4.444969e-01 1.732643e-01
-5.759587e-01 -6.529164e-01 3.781982e-01 1.653386e-01
-5.235988e-01 -6.666702e-01 3.127501e-01 1.582716e-01
-5.130210e-01 -6.710474e-01 3.014387e-01 1.570209e-01
-5.024433e-01 -6.754191e-01 2.901274e-01 1.558356e-01
-4.918655e-01 -6.797854e-01 2.788160e-01 1.546497e-01
-4.812878e-01 -6.842812e-01 2.676299e-01 1.536250e-01
-4.707100e-01 -6.888307e-01 2.564974e-01 1.526691e-01
-4.601323e-01 -6.933762e-01 2.453649e-01 1.517127e-01
-4.495545e-01 -6.980379e-01 2.343116e-01 1.508759e-01
-4.389768e-01 -7.028774e-01 2.233772e-01 1.502188e-01
-4.283990e-01 -7.077149e-01 2.124427e-01 1.495614e-01
-4.178212e-01 -7.125952e-01 2.015298e-01 1.489434e-01
-4.072435e-01 -7.178763e-01 1.908107e-01 1.486837e-01
-3.966657e-01 -7.231572e-01 1.800915e-01 1.484238e-01
-3.860880e-01 -7.284379e-01 1.693723e-01 1.481637e-01
-3.755102e-01 -7.317134e-01 1.588382e-01 1.483380e-01
-3.649325e-01 -7.342458e-01 1.483505e-01 1.486209e-01
-3.543547e-01 -7.380656e-01 1.378627e-01 1.489037e-01
-3.437770e-01 -7.328088e-01 1.299189e-01 1.447126e-01
-3.331992e-01 -7.183620e-01 1.245189e-01 1.360478e-01
-3.226215e-01 -7.041896e-01 1.191192e-01 1.273833e-01
-3.120437e-01 -6.901705e-01 1.137194e-01 1.187186e-01
-3.014660e-01 -6.762451e-01 1.083194e-01 1.100531e-01
-2.908882e-01 -6.623814e-01 1.022557e-01 1.013875e-01
-2.803105e-01 -6.485603e-01 9.614482e-02 9.272176e-02
-2.697327e-01 -6.349695e-01 9.038720e-02 8.405615e-02
-2.591549e-01 -6.215085e-01 8.482310e-02 7.539011e-02
-2.485772e-01 -6.084084e-01 7.966307e-02 6.672327e-02
-2.379994e-01 -5.954472e-01 7.456322e-02 5.805622e-02
-2.274217e-01 -5.826463e-01 6.951014e-02 4.938798e-02
-2.168439e-01 -5.700513e-01 6.441043e-02 4.071956e-02
-2.062662e-01 -5.576620e-01 5.922197e-02 3.204966e-02
-1.956884e-01 -5.455211e-01 5.381260e-02 2.337921e-02
-1.851107e-01 -5.337706e-01 4.828034e-02 1.470624e-02
-1.745329e-01 -5.225363e-01 4.270917e-02 6.031752e-03
-1.639552e-01 -4.986630e-01 3.977630e-02 1.462163e-03
-1.533774e-01 -4.748966e-01 3.694989e-02 -3.114432e-03
-1.427997e-01 -4.501847e-01 3.366096e-02 -7.716686e-03
-1.322219e-01 -4.163209e-01 3.119842e-02 -1.023427e-02
-1.216442e-01 -3.785339e-01 2.888463e-02 -1.185868e-02
-1.110664e-01 -3.413084e-01 2.669873e-02 -1.370392e-02
-1.004887e-01 -3.032921e-01 2.477936e-02 -1.572786e-02
-8.991090e-02 -2.639178e-01 2.335435e-02 -1.654221e-02
-7.933315e-02 -2.228248e-01 2.209509e-02 -1.760542e-02
-6.875539e-02 -1.806688e-01 2.097566e-02 -1.884434e-02
-5.817764e-02 -1.341766e-01 2.048045e-02 -2.022072e-02
-4.759989e-02 -7.194538e-02 2.000790e-02 -2.289113e-02
-3.702214e-02 7.076069e-03 1.960276e-02 -2.633280e-02
-2.644438e-02 8.732899e-02 1.942481e-02 -2.917537e-02
-1.586663e-02 1.682146e-01 1.932097e-02 -3.211262e-02
-5.288877e-03 2.498476e-01 1.930853e-02 -3.500695e-02
5.288877e-03 3.320767e-01 1.927082e-02 -3.783551e-02
1.586663e-02 4.149679e-01 1.925644e-02 -4.065069e-02
2.644438e-02 4.975034e-01 1.932405e-02 -4.345452e-02
3.702214e-02 5.780170e-01 1.946997e-02 -4.638878e-02
4.759989e-02 6.579825e-01 1.956370e-02 -4.917764e-02
5.817764e-02 7.376348e-01 1.968590e-02 -5.191818e-02
6.875539e-02 8.170422e-01 1.991532e-02 -5.457553e-02
7.933315e-02 8.957736e-01 2.015746e-02 -5.717583e-02
8.991090e-02 9.742026e-01 2.041472e-02 -5.980210e-02
1.004887e-01 1.051926e+00 2.069359e-02 -6.228314e-02
1.110664e-01 1.128649e+00 2.098947e-02 -6.459929e-02
1.216442e-01 1.204697e+00 2.137671e-02 -6.687191e-02
1.322219e-01 1.278524e+00 2.182540e-02 -6.928813e-02
1.427997e-01 1.348436e+00 2.233794e-02 -7.239987e-02
1.533774e-01 1.413893e+00 2.299170e-02 -7.572241e-02
1.639552e-01 1.476931e+00 2.426695e-02 -7.909406e-02
1.745329e-01 1.538662e+00 2.581585e-02 -8.249681e-02
1.851107e-01 1.581756e+00 2.787159e-02 -8.633666e-02
1.956884e-01 1.608534e+00 2.992278e-02 -9.251785e-02
2.062662e-01 1.626181e+00 3.255991e-02 -9.612546e-02
2.168439e-01 1.170811e+00 3.769469e-02 -7.961340e-02
2.274217e-01 1.070573e+00 4.257313e-02 -7.637144e-02
2.379994e-01 1.073238e+00 4.765585e-02 -7.837868e-02
2.485772e-01 1.082098e+00 5.264031e-02 -8.074010e-02
2.591549e-01 1.103550e+00 5.774553e-02 -8.329821e-02
2.697327e-01 1.130901e+00 6.289222e-02 -8.707180e-02
2.803105e-01 1.152903e+00 6.856814e-02 -9.134081e-02
2.908882e-01 1.138888e+00 7.888450e-02 -9.760667e-02
3.014660e-01 1.125699e+00 8.918827e-02 -1.036720e-01
3.120437e-01 1.113490e+00 9.947667e-02 -1.094939e-01
3.226215e-01 1.104123e+00 1.097221e-01 -1.143928e-01
3.331992e-01 1.094176e+00 1.197123e-01 -1.191711e-01
3.437770e-01 1.078157e+00 1.283167e-01 -1.245700e-01
3.543547e-01 1.065909e+00 1.378627e-01 -1.289274e-01
3.649325e-01 1.057445e+00 1.483505e-01 -1.322409e-01
3.755102e-01 1.048979e+00 1.588382e-01 -1.355500e-01
3.860880e-01 1.040697e+00 1.693723e-01 -1.388099e-01
3.966657e-01 1.033153e+00 1.800915e-01 -1.418868e-01
4.072435e-01 1.025607e+00 1.908107e-01 -1.449608e-01
4.178212e-01 1.018062e+00 2.015298e-01 -1.480322e-01
4.283990e-01 1.011089e+00 2.124427e-01 -1.509744e-01
4.389768e-01 1.004177e+00 2.233772e-01 -1.539004e-01
4.495545e-01 9.972629e-01 2.343116e-01 -1.568242e-01
4.601323e-01 9.906023e-01 2.453649e-01 -1.596919e-01
4.707100e-01 9.841077e-01 2.564974e-01 -1.625215e-01
4.812878e-01 9.776073e-01 2.676299e-01 -1.653491e-01
4.918655e-01 9.711835e-01 2.788160e-01 -1.681571e-01
5.024433e-01 9.649451e-01 2.901274e-01 -1.709219e-01
5.130210e-01 9.586989e-01 3.014387e-01 -1.736847e-01
5.235988e-01 9.524449e-01 3.127501e-01 -1.764454e-01
5.759587e-01 9.327571e-01 3.781982e-01 -1.876159e-01
6.283185e-01 9.132906e-01 4.444969e-01 -1.990084e-01
6.806784e-01 8.933938e-01 5.115975e-01 -2.099044e-01
7.330383e-01 8.688866e-01 5.812340e-01 -2.206591e-01
7.853982e-01 8.422230e-01 6.520155e-01 -2.313585e-01
8.377580e-01 8.133111e-01 7.227442e-01 -2.420089e-01
8.901179e-01 7.798482e-01 7.921307e-01 -2.525534e-01
9.424778e-01 7.372926e-01 8.588325e-01 -2.628716e-01
9.948377e-01 6.947327e-01 9.255337e-01 -2.731988e-01
1.047198e+00 6.521673e-01 9.922347e-01 -2.835342e-01
1.099557e+00 5.950215e-01 1.046948e+00 -2.929396e-01
1.151917e+00 5.378737e-01 1.101662e+00 -3.023536e-01
1.204277e+00 4.807231e-01 1.156376e+00 -3.117755e-01
1.256637e+00 4.167029e-01 1.198741e+00 -3.201526e-01
1.308997e+00 3.492486e-01 1.234933e+00 -3.280128e-01
1.361357e+00 2.817928e-01 1.271125e+00 -3.358820e-01
1.413717e+00 2.131393e-01 1.299741e+00 -3.429922e-01
1.466077e+00 1.420933e-01 1.313208e+00 -3.485775e-01
1.518436e+00 7.104658e-02 1.326675e+00 -3.542862e-01
1.570796e+00 -3.103180e-07 1.340141e+00 -3.602613e-01
1.623156e+00 -4.972022e-02 1.326675e+00 -3.609395e-01
1.675516e+00 -9.944025e-02 1.313208e+00 -3.621013e-01
1.727876e+00 -1.491605e-01 1.299741e+00 -3.632631e-01
1.780236e+00 -1.972242e-01 1.271124e+00 -3.615002e-01
1.832596e+00 -2.444587e-01 1.234933e+00 -3.582750e-01
1.884956e+00 -2.916930e-01 1.198741e+00 -3.550499e-01
1.937315e+00 -3.365126e-01 1.156375e+00 -3.507660e-01
1.989675e+00 -3.765018e-01 1.101662e+00 -3.443646e-01
2.042035e+00 -4.164896e-01 1.046949e+00 -3.379636e-01
2.094395e+00 -4.564763e-01 9.922351e-01 -3.315629e-01
2.146755e+00 -4.862701e-01 9.255341e-01 -3.237808e-01
2.199115e+00 -5.160599e-01 8.588329e-01 -3.159994e-01
2.251475e+00 -5.458465e-01 7.921312e-01 -3.082187e-01
2.303835e+00 -5.687692e-01 7.227269e-01 -3.011855e-01
2.356194e+00 -5.882529e-01 6.519715e-01 -2.945273e-01
2.408554e+00 -6.077281e-01 5.812167e-01 -2.878707e-01
2.460914e+00 -6.253130e-01 5.119171e-01 -2.829047e-01
2.513274e+00 -6.391160e-01 4.455279e-01 -2.813196e-01
2.565634e+00 -6.529009e-01 3.791391e-01 -2.797380e-01
2.617994e+00 -6.666701e-01 3.127505e-01 -2.781598e-01
2.670354e+00 -6.914239e-01 2.587109e-01 -2.924366e-01
2.722714e+00 -7.161397e-01 2.046714e-01 -3.067137e-01
2.775074e+00 -7.408245e-01 1.506323e-01 -3.209911e-01
2.827433e+00 -6.925233e-01 1.142189e-01 -3.606003e-01
2.879793e+00 -6.040902e-01 8.661852e-02 -4.128756e-01
2.932153e+00 -5.257035e-01 5.901829e-02 -4.651501e-01
2.984513e+00 -4.240606e-01 3.724873e-02 -4.500005e-01
3.036873e+00 -2.827066e-01 2.714077e-02 -2.999997e-01
3.089233e+00 -1.403747e-01 2.361663e-02 -1.489545e-01
3.141593e+00 0.000000e+00 2.339141e-02 0.000000e+00
