# Angle of attack [rad] 	 Lift coefficient [-] 	 Drag coefficient [-] 	 Moment coefficient [-]
-3.141593e+00 0.000000e+00 5.361372e-02 0.000000e+00
-3.089233e+00 1.085042e-01 5.361372e-02 1.194527e-01
-3.036873e+00 2.180016e-01 6.433641e-02 2.399998e-01
-2.984513e+00 3.270026e-01 9.650481e-02 3.600004e-01
-2.932153e+00 4.360073e-01 1.286729e-01 3.188534e-01
-2.879793e+00 5.450159e-01 1.608407e-01 1.971343e-01
-2.827433e+00 6.540279e-01 1.930087e-01 7.541364e-02
-2.775074e+00 7.273352e-01 2.324216e-01 -7.867080e-03
-2.722714e+00 7.264739e-01 2.863240e-01 -1.326883e-02
-2.670354e+00 7.264018e-01 3.402264e-01 -1.933216e-02
-2.617994e+00 7.294149e-01 3.941288e-01 -3.045505e-02
-2.565634e+00 7.136081e-01 4.641910e-01 -1.440699e-02
-2.513274e+00 6.978010e-01 5.342533e-01 1.641431e-03
-2.460914e+00 6.819934e-01 6.043159e-01 1.797777e-02
-2.408554e+00 6.623303e-01 6.772556e-01 3.421967e-02
-2.356194e+00 6.407395e-01 7.516339e-01 5.035552e-02
-2.303835e+00 6.191483e-01 8.260126e-01 6.648032e-02
-2.251475e+00 5.938836e-01 8.988003e-01 8.266821e-02
-2.199115e+00 5.612720e-01 9.684062e-01 9.899680e-02
-2.146755e+00 5.286606e-01 1.038012e+00 1.153207e-01
-2.094395e+00 4.960492e-01 1.107617e+00 1.316402e-01
-2.042035e+00 4.525000e-01 1.163914e+00 1.470768e-01
-1.989675e+00 4.089508e-01 1.220211e+00 1.625113e-01
-1.937315e+00 3.654019e-01 1.276508e+00 1.779434e-01
-1.884956e+00 3.166766e-01 1.319306e+00 1.917123e-01
-1.832596e+00 2.653631e-01 1.355354e+00 2.046497e-01
-1.780236e+00 2.140495e-01 1.391402e+00 2.175859e-01
-1.727876e+00 1.618564e-01 1.419197e+00 2.291562e-01
-1.675516e+00 1.079044e-01 1.430485e+00 2.379957e-01
-1.623156e+00 5.395236e-02 1.441772e+00 2.468356e-01
-1.570796e+00 3.367320e-07 1.453060e+00 2.556763e-01
-1.518436e+00 -5.395231e-02 1.441772e+00 2.605462e-01
-1.466077e+00 -1.079045e-01 1.430485e+00 2.653762e-01
-1.413717e+00 -1.618560e-01 1.419197e+00 2.701677e-01
-1.361357e+00 -2.140492e-01 1.391402e+00 2.716346e-01
-1.308997e+00 -2.653634e-01 1.355354e+00 2.714225e-01
-1.256637e+00 -3.166764e-01 1.319306e+00 2.711756e-01
-1.204277e+00 -3.654015e-01 1.276508e+00 2.696242e-01
-1.151917e+00 -4.089510e-01 1.220211e+00 2.654999e-01
-1.099557e+00 -4.525003e-01 1.163914e+00 2.613468e-01
-1.047198e+00 -4.960494e-01 1.107616e+00 2.571661e-01
-9.948377e-01 -5.286608e-01 1.038011e+00 2.511334e-01
-9.424778e-01 -5.612722e-01 9.684057e-01 2.450759e-01
-8.901179e-01 -5.938838e-01 8.987999e-01 2.389944e-01
-8.377580e-01 -6.207712e-01 8.260507e-01 2.331610e-01
-7.853982e-01 -6.447965e-01 7.517300e-01 2.274393e-01
-7.330383e-01 -6.639532e-01 6.772938e-01 2.232911e-01
-6.806784e-01 -6.822497e-01 6.032599e-01 2.198173e-01
-6.283185e-01 -6.982016e-01 5.308513e-01 2.188386e-01
-5.759587e-01 -7.134446e-01 4.610882e-01 2.211223e-01
-5.235988e-01 -7.294150e-01 3.941284e-01 2.270545e-01
-5.130210e-01 -7.330894e-01 3.812795e-01 2.292406e-01
-5.024433e-01 -7.367638e-01 3.684306e-01 2.314267e-01
-4.918655e-01 -7.404382e-01 3.555817e-01 2.336128e-01
-4.812878e-01 -7.445612e-01 3.431441e-01 2.365038e-01
-4.707100e-01 -7.488764e-01 3.308830e-01 2.396969e-01
-4.601323e-01 -7.531917e-01 3.186218e-01 2.428901e-01
-4.495545e-01 -7.578969e-01 3.066202e-01 2.466114e-01
-4.389768e-01 -7.631871e-01 2.950079e-01 2.511248e-01
-4.283990e-01 -7.684772e-01 2.833956e-01 2.556383e-01
-4.178212e-01 -7.740291e-01 2.718486e-01 2.594271e-01
-4.072435e-01 -7.819368e-01 2.608888e-01 2.566938e-01
-3.966657e-01 -7.898446e-01 2.499290e-01 2.549735e-01
-3.860880e-01 -7.977523e-01 2.389692e-01 2.517577e-01
-3.755102e-01 -8.172456e-01 2.294748e-01 2.342182e-01
-3.649325e-01 -8.407158e-01 2.203468e-01 2.155584e-01
-3.543547e-01 -8.648931e-01 2.112188e-01 1.972587e-01
-3.437770e-01 -8.874389e-01 2.020911e-01 1.791042e-01
-3.331992e-01 -9.092374e-01 1.929635e-01 1.610075e-01
-3.226215e-01 -9.330718e-01 1.841718e-01 1.429455e-01
-3.120437e-01 -9.573062e-01 1.762839e-01 1.238843e-01
-3.014660e-01 -9.816040e-01 1.686168e-01 1.043675e-01
-2.908882e-01 -1.007371e+00 1.602975e-01 8.488275e-02
-2.803105e-01 -1.034154e+00 1.515665e-01 6.543714e-02
-2.697327e-01 -1.052139e+00 1.418874e-01 4.859996e-02
-2.591549e-01 -1.064114e+00 1.316502e-01 3.321322e-02
-2.485772e-01 -1.060859e+00 1.203253e-01 1.975195e-02
-2.379994e-01 -1.052972e+00 1.088181e-01 3.347242e-03
-2.274217e-01 -1.040386e+00 9.717047e-02 -1.302803e-02
-2.168439e-01 -1.009633e+00 8.359316e-02 -2.245259e-02
-2.062662e-01 -9.743930e-01 7.025693e-02 -2.966652e-02
-1.956884e-01 -9.331840e-01 5.928638e-02 -3.253969e-02
-1.851107e-01 -8.870952e-01 5.021124e-02 -3.685548e-02
-1.745329e-01 -8.390303e-01 4.200626e-02 -4.196677e-02
-1.639552e-01 -7.983553e-01 3.394316e-02 -4.715860e-02
-1.533774e-01 -7.550757e-01 2.586163e-02 -5.311285e-02
-1.427997e-01 -7.127604e-01 1.768070e-02 -6.155579e-02
-1.322219e-01 -6.502127e-01 1.407800e-02 -6.800373e-02
-1.216442e-01 -5.793162e-01 1.209304e-02 -7.369478e-02
-1.110664e-01 -4.933325e-01 1.125711e-02 -8.086368e-02
-1.004887e-01 -4.076252e-01 1.043867e-02 -8.766702e-02
-8.991090e-02 -3.223757e-01 9.890469e-03 -9.372496e-02
-7.933315e-02 -2.385698e-01 9.555682e-03 -9.857210e-02
-6.875539e-02 -1.552788e-01 9.282313e-03 -1.030003e-01
-5.817764e-02 -7.275888e-02 9.009060e-03 -1.068042e-01
-4.759989e-02 8.755451e-03 8.822609e-03 -1.101935e-01
-3.702214e-02 8.909517e-02 8.717120e-03 -1.134396e-01
-2.644438e-02 1.680209e-01 8.635068e-03 -1.159559e-01
-1.586663e-02 2.462846e-01 8.597866e-03 -1.183298e-01
-5.288877e-03 3.235269e-01 8.684693e-03 -1.204996e-01
5.288877e-03 4.005687e-01 8.736665e-03 -1.225633e-01
1.586663e-02 4.775324e-01 8.766938e-03 -1.244152e-01
2.644438e-02 5.543110e-01 8.755630e-03 -1.261544e-01
3.702214e-02 6.307486e-01 8.899427e-03 -1.277773e-01
4.759989e-02 7.059672e-01 9.074670e-03 -1.293090e-01
5.817764e-02 7.804116e-01 9.231529e-03 -1.306948e-01
6.875539e-02 8.546349e-01 9.357735e-03 -1.319251e-01
7.933315e-02 9.283681e-01 9.529490e-03 -1.328997e-01
8.991090e-02 1.001457e+00 9.733068e-03 -1.337242e-01
1.004887e-01 1.072707e+00 1.000070e-02 -1.341695e-01
1.110664e-01 1.141277e+00 1.029737e-02 -1.341534e-01
1.216442e-01 1.208649e+00 1.055822e-02 -1.338278e-01
1.322219e-01 1.264434e+00 1.106690e-02 -1.316626e-01
1.427997e-01 1.313277e+00 1.211792e-02 -1.287185e-01
1.533774e-01 1.349317e+00 1.387451e-02 -1.240098e-01
1.639552e-01 1.356857e+00 2.072951e-02 -1.223538e-01
1.745329e-01 1.346233e+00 3.036112e-02 -1.221020e-01
1.851107e-01 1.292476e+00 3.893034e-02 -1.207728e-01
1.956884e-01 1.252127e+00 4.592692e-02 -1.173499e-01
2.062662e-01 1.236685e+00 5.000334e-02 -1.113730e-01
2.168439e-01 1.186142e+00 6.000071e-02 -1.098014e-01
2.274217e-01 1.115902e+00 7.244459e-02 -1.083833e-01
2.379994e-01 1.110706e+00 8.227123e-02 -1.090988e-01
2.485772e-01 1.100164e+00 9.224788e-02 -1.100820e-01
2.591549e-01 1.089324e+00 1.023843e-01 -1.113052e-01
2.697327e-01 1.082658e+00 1.113626e-01 -1.112235e-01
2.803105e-01 1.077504e+00 1.198647e-01 -1.110934e-01
2.908882e-01 1.072452e+00 1.275548e-01 -1.107741e-01
3.014660e-01 1.072241e+00 1.364949e-01 -1.113029e-01
3.120437e-01 1.078624e+00 1.469627e-01 -1.128509e-01
3.226215e-01 1.088613e+00 1.591452e-01 -1.162002e-01
3.331992e-01 1.099189e+00 1.716468e-01 -1.200016e-01
3.437770e-01 1.109128e+00 1.835276e-01 -1.238167e-01
3.543547e-01 1.118255e+00 1.964668e-01 -1.284216e-01
3.649325e-01 1.125248e+00 2.104646e-01 -1.334778e-01
3.755102e-01 1.129454e+00 2.244624e-01 -1.384275e-01
3.860880e-01 1.131110e+00 2.379201e-01 -1.437428e-01
3.966657e-01 1.122567e+00 2.492183e-01 -1.504978e-01
4.072435e-01 1.114025e+00 2.605165e-01 -1.571668e-01
4.178212e-01 1.105482e+00 2.718147e-01 -1.634631e-01
4.283990e-01 1.097826e+00 2.833956e-01 -1.689254e-01
4.389768e-01 1.090268e+00 2.950079e-01 -1.743082e-01
4.495545e-01 1.082711e+00 3.066202e-01 -1.797064e-01
4.601323e-01 1.075989e+00 3.186218e-01 -1.847049e-01
4.707100e-01 1.069824e+00 3.308830e-01 -1.894376e-01
4.812878e-01 1.063659e+00 3.431441e-01 -1.941798e-01
4.918655e-01 1.057769e+00 3.555817e-01 -1.987850e-01
5.024433e-01 1.052521e+00 3.684306e-01 -2.030552e-01
5.130210e-01 1.047273e+00 3.812795e-01 -2.073318e-01
5.235988e-01 1.042025e+00 3.941284e-01 -2.116148e-01
5.759587e-01 1.019205e+00 4.610882e-01 -2.307096e-01
6.283185e-01 9.974300e-01 5.308513e-01 -2.483896e-01
6.806784e-01 9.746426e-01 6.032599e-01 -2.652444e-01
7.330383e-01 9.485049e-01 6.772938e-01 -2.811465e-01
7.853982e-01 9.211385e-01 7.517300e-01 -2.967789e-01
8.377580e-01 8.868163e-01 8.260507e-01 -3.116207e-01
8.901179e-01 8.484055e-01 8.987999e-01 -3.261461e-01
9.424778e-01 8.018176e-01 9.684057e-01 -3.400393e-01
9.948377e-01 7.552297e-01 1.038011e+00 -3.539313e-01
1.047198e+00 7.086418e-01 1.107616e+00 -3.678242e-01
1.099557e+00 6.464287e-01 1.163914e+00 -3.802972e-01
1.151917e+00 5.842154e-01 1.220211e+00 -3.927685e-01
1.204277e+00 5.220021e-01 1.276508e+00 -4.052388e-01
1.256637e+00 4.523947e-01 1.319306e+00 -4.164191e-01
1.308997e+00 3.790903e-01 1.355354e+00 -4.269527e-01
1.361357e+00 3.057845e-01 1.391402e+00 -4.374845e-01
1.413717e+00 2.312226e-01 1.419197e+00 -4.471409e-01
1.466077e+00 1.541488e-01 1.430485e+00 -4.550468e-01
1.518436e+00 7.707435e-02 1.441772e+00 -4.629506e-01
1.570796e+00 -3.367320e-07 1.453060e+00 -4.708527e-01
1.623156e+00 -5.395236e-02 1.441772e+00 -4.757635e-01
1.675516e+00 -1.079044e-01 1.430485e+00 -4.807164e-01
1.727876e+00 -1.618564e-01 1.419197e+00 -4.857126e-01
1.780236e+00 -2.140495e-01 1.391402e+00 -4.874639e-01
1.832596e+00 -2.653631e-01 1.355354e+00 -4.876154e-01
1.884956e+00 -3.166766e-01 1.319306e+00 -4.875227e-01
1.937315e+00 -3.654019e-01 1.276508e+00 -4.859964e-01
1.989675e+00 -4.089508e-01 1.220211e+00 -4.819274e-01
2.042035e+00 -4.525000e-01 1.163914e+00 -4.778574e-01
2.094395e+00 -4.960492e-01 1.107617e+00 -4.737867e-01
2.146755e+00 -5.286606e-01 1.038012e+00 -4.678940e-01
2.199115e+00 -5.612720e-01 9.684062e-01 -4.620007e-01
2.251475e+00 -5.938836e-01 8.988003e-01 -4.561064e-01
2.303835e+00 -6.191483e-01 8.260126e-01 -4.510452e-01
2.356194e+00 -6.407395e-01 7.516339e-01 -4.464004e-01
2.408554e+00 -6.623303e-01 6.772556e-01 -4.417550e-01
2.460914e+00 -6.819934e-01 6.043159e-01 -4.393727e-01
2.513274e+00 -6.978010e-01 5.342533e-01 -4.415167e-01
2.565634e+00 -7.136081e-01 4.641910e-01 -4.436598e-01
2.617994e+00 -7.294149e-01 3.941288e-01 -4.458021e-01
2.670354e+00 -7.150371e-01 3.417312e-01 -4.598224e-01
2.722714e+00 -7.051233e-01 2.893337e-01 -4.738372e-01
2.775074e+00 -6.954147e-01 2.369362e-01 -4.860126e-01
2.827433e+00 -6.220983e-01 1.975235e-01 -4.919956e-01
2.879793e+00 -5.184149e-01 1.646032e-01 -4.949973e-01
2.932153e+00 -4.147321e-01 1.316827e-01 -4.979989e-01
2.984513e+00 -3.110491e-01 9.876208e-02 -4.500005e-01
3.036873e+00 -2.073657e-01 6.584134e-02 -2.999997e-01
3.089233e+00 -1.032105e-01 5.436279e-02 -1.493159e-01
3.141593e+00 0.000000e+00 5.361372e-02 0.000000e+00
