# Angle of attack [rad] 	 Lift coefficient [-] 	 Drag coefficient [-] 	 Moment coefficient [-]
-3.141593e+00 0.000000e+00 4.874390e-02 0.000000e+00
-3.089233e+00 1.136020e-01 4.874390e-02 1.191764e-01
-3.036873e+00 2.288584e-01 5.849257e-02 2.399998e-01
-2.984513e+00 3.432883e-01 8.773889e-02 3.600004e-01
-2.932153e+00 4.570708e-01 1.172754e-01 3.187084e-01
-2.879793e+00 5.711291e-01 1.469571e-01 1.967718e-01
-2.827433e+00 6.818112e-01 1.766394e-01 7.483443e-02
-2.775074e+00 7.506445e-01 2.149842e-01 -5.078017e-03
-2.722714e+00 7.375238e-01 2.706534e-01 1.061328e-03
-2.670354e+00 7.252238e-01 3.263226e-01 8.043370e-03
-2.617994e+00 7.129237e-01 3.819919e-01 1.503604e-02
-2.565634e+00 6.990531e-01 4.524742e-01 2.969959e-02
-2.513274e+00 6.851823e-01 5.229569e-01 4.436865e-02
-2.460914e+00 6.713110e-01 5.934399e-01 5.904427e-02
-2.408554e+00 6.531149e-01 6.668651e-01 7.409234e-02
-2.356194e+00 6.327565e-01 7.417614e-01 8.932743e-02
-2.303835e+00 6.123973e-01 8.166584e-01 1.045671e-01
-2.251475e+00 5.882296e-01 8.899915e-01 1.199474e-01
-2.199115e+00 5.564451e-01 9.601968e-01 1.356033e-01
-2.146755e+00 5.246604e-01 1.030402e+00 1.512632e-01
-2.094395e+00 4.928756e-01 1.100606e+00 1.669277e-01
-2.042035e+00 4.498679e-01 1.157569e+00 1.817110e-01
-1.989675e+00 4.068602e-01 1.214531e+00 1.964988e-01
-1.937315e+00 3.638525e-01 1.271493e+00 2.112921e-01
-1.884956e+00 3.155140e-01 1.314984e+00 2.243961e-01
-1.832596e+00 2.645100e-01 1.351740e+00 2.366594e-01
-1.780236e+00 2.135061e-01 1.388495e+00 2.489317e-01
-1.727876e+00 1.615532e-01 1.417005e+00 2.598411e-01
-1.675516e+00 1.077023e-01 1.429023e+00 2.680144e-01
-1.623156e+00 5.385130e-02 1.441042e+00 2.762062e-01
-1.570796e+00 3.361012e-07 1.453060e+00 2.844245e-01
-1.518436e+00 -5.385124e-02 1.441042e+00 2.881792e-01
-1.466077e+00 -1.077024e-01 1.429023e+00 2.921162e-01
-1.413717e+00 -1.615528e-01 1.417005e+00 2.963849e-01
-1.361357e+00 -2.135059e-01 1.388495e+00 2.965895e-01
-1.308997e+00 -2.645103e-01 1.351739e+00 2.948394e-01
-1.256637e+00 -3.155137e-01 1.314984e+00 2.930861e-01
-1.204277e+00 -3.638521e-01 1.271493e+00 2.900814e-01
-1.151917e+00 -4.068603e-01 1.214531e+00 2.845767e-01
-1.099557e+00 -4.498682e-01 1.157568e+00 2.790663e-01
-1.047198e+00 -4.928758e-01 1.100606e+00 2.735497e-01
-9.948377e-01 -5.246606e-01 1.030401e+00 2.661982e-01
-9.424778e-01 -5.564453e-01 9.601963e-01 2.588373e-01
-8.901179e-01 -5.882298e-01 8.899911e-01 2.514652e-01
-8.377580e-01 -6.141038e-01 8.166817e-01 2.442602e-01
-7.853982e-01 -6.370226e-01 7.418205e-01 2.371255e-01
-7.330383e-01 -6.548214e-01 6.668884e-01 2.313184e-01
-6.806784e-01 -6.716868e-01 5.923700e-01 2.261282e-01
-6.283185e-01 -6.859594e-01 5.195135e-01 2.232930e-01
-5.759587e-01 -6.992283e-01 4.493367e-01 2.232820e-01
-5.235988e-01 -7.129238e-01 3.819914e-01 2.264086e-01
-5.130210e-01 -7.160632e-01 3.690707e-01 2.278844e-01
-5.024433e-01 -7.192027e-01 3.561499e-01 2.293602e-01
-4.918655e-01 -7.223421e-01 3.432292e-01 2.308360e-01
-4.812878e-01 -7.258796e-01 3.307229e-01 2.329108e-01
-4.707100e-01 -7.295879e-01 3.183944e-01 2.352422e-01
-4.601323e-01 -7.332961e-01 3.060658e-01 2.375737e-01
-4.495545e-01 -7.373586e-01 2.939988e-01 2.403516e-01
-4.389768e-01 -7.419523e-01 2.823239e-01 2.437991e-01
-4.283990e-01 -7.465460e-01 2.706490e-01 2.472466e-01
-4.178212e-01 -7.512708e-01 2.590451e-01 2.508429e-01
-4.072435e-01 -7.571753e-01 2.480805e-01 2.557790e-01
-3.966657e-01 -7.630797e-01 2.371159e-01 2.616691e-01
-3.860880e-01 -7.689842e-01 2.261512e-01 2.667871e-01
-3.755102e-01 -7.985587e-01 2.189787e-01 2.592687e-01
-3.649325e-01 -8.399770e-01 2.127544e-01 2.464129e-01
-3.543547e-01 -8.776261e-01 2.065302e-01 2.328734e-01
-3.437770e-01 -9.124823e-01 2.004066e-01 2.160792e-01
-3.331992e-01 -9.446534e-01 1.943838e-01 1.961969e-01
-3.226215e-01 -9.765567e-01 1.888681e-01 1.762519e-01
-3.120437e-01 -1.008310e+00 1.833171e-01 1.569186e-01
-3.014660e-01 -1.039971e+00 1.765264e-01 1.378920e-01
-2.908882e-01 -1.071570e+00 1.709322e-01 1.188653e-01
-2.803105e-01 -1.103127e+00 1.655930e-01 9.983846e-02
-2.697327e-01 -1.115071e+00 1.584467e-01 8.416841e-02
-2.591549e-01 -1.114773e+00 1.502075e-01 7.034177e-02
-2.485772e-01 -1.084233e+00 1.393481e-01 6.201736e-02
-2.379994e-01 -1.048960e+00 1.281199e-01 5.403056e-02
-2.274217e-01 -1.010464e+00 1.166374e-01 4.492610e-02
-2.168439e-01 -9.692019e-01 1.054992e-01 3.322191e-02
-2.062662e-01 -9.277674e-01 9.491196e-02 2.164831e-02
-1.956884e-01 -8.864806e-01 8.558916e-02 1.063801e-02
-1.851107e-01 -8.435143e-01 7.700876e-02 1.149343e-03
-1.745329e-01 -7.988563e-01 6.880294e-02 -7.485147e-03
-1.639552e-01 -7.634132e-01 5.726199e-02 -1.755154e-02
-1.533774e-01 -7.368552e-01 4.492414e-02 -2.672998e-02
-1.427997e-01 -7.219152e-01 3.226665e-02 -3.432708e-02
-1.322219e-01 -6.801078e-01 2.476963e-02 -3.794558e-02
-1.216442e-01 -6.254773e-01 2.006402e-02 -4.009179e-02
-1.110664e-01 -5.453854e-01 1.767035e-02 -4.475958e-02
-1.004887e-01 -4.652409e-01 1.566763e-02 -4.946246e-02
-8.991090e-02 -3.851773e-01 1.411708e-02 -5.478062e-02
-7.933315e-02 -3.051860e-01 1.292997e-02 -6.008386e-02
-6.875539e-02 -2.254966e-01 1.191941e-02 -6.526223e-02
-5.817764e-02 -1.500959e-01 1.146619e-02 -7.008882e-02
-4.759989e-02 -7.448077e-02 1.107127e-02 -7.448035e-02
-3.702214e-02 1.362415e-03 1.069950e-02 -7.848881e-02
-2.644438e-02 7.797627e-02 1.047646e-02 -8.227693e-02
-1.586663e-02 1.550932e-01 1.032822e-02 -8.597074e-02
-5.288877e-03 2.336910e-01 1.034974e-02 -8.957884e-02
5.288877e-03 3.122304e-01 1.039608e-02 -9.296313e-02
1.586663e-02 3.907236e-01 1.046264e-02 -9.614173e-02
2.644438e-02 4.692234e-01 1.051818e-02 -9.912698e-02
3.702214e-02 5.474190e-01 1.059869e-02 -1.019513e-01
4.759989e-02 6.243535e-01 1.079135e-02 -1.042854e-01
5.817764e-02 7.007190e-01 1.098826e-02 -1.063672e-01
6.875539e-02 7.766621e-01 1.119959e-02 -1.082335e-01
7.933315e-02 8.510625e-01 1.146771e-02 -1.099811e-01
8.991090e-02 9.246183e-01 1.174841e-02 -1.116079e-01
1.004887e-01 9.961310e-01 1.206614e-02 -1.129221e-01
1.110664e-01 1.065301e+00 1.244110e-02 -1.139715e-01
1.216442e-01 1.132949e+00 1.284999e-02 -1.148457e-01
1.322219e-01 1.196478e+00 1.331857e-02 -1.155486e-01
1.427997e-01 1.258522e+00 1.378220e-02 -1.162254e-01
1.533774e-01 1.319533e+00 1.420147e-02 -1.169735e-01
1.639552e-01 1.377223e+00 1.524993e-02 -1.165821e-01
1.745329e-01 1.427826e+00 1.662031e-02 -1.155062e-01
1.851107e-01 1.463494e+00 1.890499e-02 -1.134282e-01
1.956884e-01 1.488515e+00 2.173606e-02 -1.110865e-01
2.062662e-01 1.493759e+00 2.515300e-02 -1.081822e-01
2.168439e-01 1.390192e+00 4.012412e-02 -1.103962e-01
2.274217e-01 1.235583e+00 5.953303e-02 -1.145661e-01
2.379994e-01 1.179836e+00 6.994366e-02 -1.131074e-01
2.485772e-01 1.132610e+00 8.027082e-02 -1.118114e-01
2.591549e-01 1.104346e+00 9.052739e-02 -1.106278e-01
2.697327e-01 1.085093e+00 1.010444e-01 -1.111964e-01
2.803105e-01 1.069575e+00 1.116499e-01 -1.123908e-01
2.908882e-01 1.060648e+00 1.222720e-01 -1.147928e-01
3.014660e-01 1.055669e+00 1.331239e-01 -1.174231e-01
3.120437e-01 1.055513e+00 1.442567e-01 -1.203324e-01
3.226215e-01 1.067251e+00 1.567590e-01 -1.236712e-01
3.331992e-01 1.080774e+00 1.694183e-01 -1.273355e-01
3.437770e-01 1.087560e+00 1.810279e-01 -1.322363e-01
3.543547e-01 1.092359e+00 1.924579e-01 -1.373612e-01
3.649325e-01 1.095172e+00 2.037080e-01 -1.428827e-01
3.755102e-01 1.097985e+00 2.149582e-01 -1.484635e-01
3.860880e-01 1.098548e+00 2.261512e-01 -1.539128e-01
3.966657e-01 1.090114e+00 2.371159e-01 -1.588785e-01
4.072435e-01 1.081680e+00 2.480805e-01 -1.638856e-01
4.178212e-01 1.073245e+00 2.590451e-01 -1.691341e-01
4.283990e-01 1.066495e+00 2.706490e-01 -1.737087e-01
4.389768e-01 1.059932e+00 2.823239e-01 -1.782084e-01
4.495545e-01 1.053369e+00 2.939988e-01 -1.827081e-01
4.601323e-01 1.047565e+00 3.060658e-01 -1.869054e-01
4.707100e-01 1.042267e+00 3.183944e-01 -1.909011e-01
4.812878e-01 1.036968e+00 3.307229e-01 -1.948969e-01
4.918655e-01 1.031915e+00 3.432292e-01 -1.987885e-01
5.024433e-01 1.027432e+00 3.561499e-01 -2.024374e-01
5.130210e-01 1.022949e+00 3.690707e-01 -2.060863e-01
5.235988e-01 1.018466e+00 3.819914e-01 -2.097352e-01
5.759587e-01 9.988963e-01 4.493367e-01 -2.263060e-01
6.283185e-01 9.799428e-01 5.195135e-01 -2.418838e-01
6.806784e-01 9.595528e-01 5.923700e-01 -2.564186e-01
7.330383e-01 9.354596e-01 6.668884e-01 -2.705507e-01
7.853982e-01 9.100328e-01 7.418205e-01 -2.845837e-01
8.377580e-01 8.772912e-01 8.166817e-01 -2.981252e-01
8.901179e-01 8.403279e-01 8.899911e-01 -3.114302e-01
9.424778e-01 7.949210e-01 9.601963e-01 -3.242426e-01
9.948377e-01 7.495146e-01 1.030401e+00 -3.370609e-01
1.047198e+00 7.041082e-01 1.100606e+00 -3.498831e-01
1.099557e+00 6.426686e-01 1.157568e+00 -3.613911e-01
1.151917e+00 5.812288e-01 1.214531e+00 -3.729006e-01
1.204277e+00 5.197890e-01 1.271493e+00 -3.844106e-01
1.256637e+00 4.507342e-01 1.314984e+00 -3.946508e-01
1.308997e+00 3.778721e-01 1.351739e+00 -4.042546e-01
1.361357e+00 3.050087e-01 1.388495e+00 -4.138564e-01
1.413717e+00 2.307900e-01 1.417005e+00 -4.225883e-01
1.466077e+00 1.538606e-01 1.429023e+00 -4.295819e-01
1.518436e+00 7.693032e-02 1.441042e+00 -4.365705e-01
1.570796e+00 -3.361012e-07 1.453060e+00 -4.435540e-01
1.623156e+00 -5.385130e-02 1.441042e+00 -4.468214e-01
1.675516e+00 -1.077023e-01 1.429023e+00 -4.500901e-01
1.727876e+00 -1.615532e-01 1.417005e+00 -4.533598e-01
1.780236e+00 -2.135061e-01 1.388495e+00 -4.533584e-01
1.832596e+00 -2.645100e-01 1.351740e+00 -4.517218e-01
1.884956e+00 -3.155140e-01 1.314984e+00 -4.500853e-01
1.937315e+00 -3.638525e-01 1.271493e+00 -4.471947e-01
1.989675e+00 -4.068602e-01 1.214531e+00 -4.417949e-01
2.042035e+00 -4.498679e-01 1.157569e+00 -4.363952e-01
2.094395e+00 -4.928756e-01 1.100606e+00 -4.309958e-01
2.146755e+00 -5.246604e-01 1.030402e+00 -4.237564e-01
2.199115e+00 -5.564451e-01 9.601968e-01 -4.165170e-01
2.251475e+00 -5.882296e-01 8.899915e-01 -4.092772e-01
2.303835e+00 -6.123973e-01 8.166584e-01 -4.026867e-01
2.356194e+00 -6.327565e-01 7.417614e-01 -3.964205e-01
2.408554e+00 -6.531149e-01 6.668651e-01 -3.901538e-01
2.460914e+00 -6.713110e-01 5.934399e-01 -3.858031e-01
2.513274e+00 -6.851823e-01 5.229569e-01 -3.852843e-01
2.565634e+00 -6.990531e-01 4.524742e-01 -3.847634e-01
2.617994e+00 -7.129237e-01 3.819919e-01 -3.842404e-01
2.670354e+00 -7.177135e-01 3.275627e-01 -4.000445e-01
2.722714e+00 -7.225032e-01 2.731337e-01 -4.158582e-01
2.775074e+00 -7.281271e-01 2.187050e-01 -4.316818e-01
2.827433e+00 -6.575469e-01 1.805059e-01 -4.495673e-01
2.879793e+00 -5.479556e-01 1.504218e-01 -4.684801e-01
2.932153e+00 -4.335088e-01 1.203375e-01 -4.873920e-01
2.984513e+00 -3.237110e-01 9.025315e-02 -4.500005e-01
3.036873e+00 -2.158073e-01 6.016888e-02 -2.999997e-01
3.089233e+00 -1.071734e-01 4.957657e-02 -1.489705e-01
3.141593e+00 0.000000e+00 4.874390e-02 0.000000e+00
