#x	     y	  HH	         Yaw	Diameter	Thickness	Axial_Induction
0		 0	 2.0	         0.0	   1.0		 0.1		        .33
10		 1	 2.0	         0.0	   1.0		 0.1		        .33
20		 2	 2.0	         0.0	   1.0		 0.1		        .33
0		 5	 2.0	         0.0	   1.0		 0.1		        .33
10		 6	 2.0	         0.0	   1.0		 0.1		        .33
20		 7	 2.0	         0.0	   1.0		 0.1		        .33
0		 10	 2.0	         0.0	   1.0		 0.1		        .33
10		 11	 2.0	         0.0	   1.0		 0.1		        .33
20		 12	 2.0	         0.0	   1.0		 0.1		        .33
